OR5x250-0.25_1.dat

alg_std 800.94811436197278
best_fitness 37251
capacities [29562, 30027, 32082, 31340, 29959]

diff_list [7448, 3429, 3037, 2083, 1792, 999, 1109, 1488, 1440, 1282, 1016, 565, 746, 1226, 1222, 1439, 1076, 1469, 1265, 1002, 1088, 242, 0, 129, 273, 137, 1015, 852, 576, 1144, 1225, 1800, 1078, 962, 1496, 1858, 2053, 1292, 1562, 1634, 1914, 1510, 1494, 1890, 1885, 1304, 1779, 1769, 1676, 872, 1035, 936, 1540, 1516, 1598, 1261, 1064, 566, 1340, 1458, 1077, 1350, 1507, 1117, 828, 970, 956, 968, 956, 1465, 1350, 1174, 1374, 1635, 780, 842, 1282, 691, 1791, 1180, 1289, 1644, 1271, 1126, 1164, 1506, 1515, 1953, 877, 1676, 1393, 1115, 681, 810, 1215, 1572, 1704, 1822, 1989, 1820]

fitness_list [29803, 33822, 34214, 35168, 35459, 36252, 36142, 35763, 35811, 35969, 36235, 36686, 36505, 36025, 36029, 35812, 36175, 35782, 35986, 36249, 36163, 37009, 37251, 37122, 36978, 37114, 36236, 36399, 36675, 36107, 36026, 35451, 36173, 36289, 35755, 35393, 35198, 35959, 35689, 35617, 35337, 35741, 35757, 35361, 35366, 35947, 35472, 35482, 35575, 36379, 36216, 36315, 35711, 35735, 35653, 35990, 36187, 36685, 35911, 35793, 36174, 35901, 35744, 36134, 36423, 36281, 36295, 36283, 36295, 35786, 35901, 36077, 35877, 35616, 36471, 36409, 35969, 36560, 35460, 36071, 35962, 35607, 35980, 36125, 36087, 35745, 35736, 35298, 36374, 35575, 35858, 36136, 36570, 36441, 36036, 35679, 35547, 35429, 35262, 35431]

least_err 129
mean_abs_diff 1353.91
mean_abs_per_err 1353.91
succes_rate 0.01
worst_fitness 29803


OR10x250-0.25_1.dat

alg_std 713.778182351
best_fitness 38792
capacities [31985, 30902, 31096, 31684, 31802, 31439, 29603, 30621, 32059, 31345]

diff_list [6092, 3566, 2880, 1383, 836, 1529, 686, 732, 713, 721, 881, 569, 427, 787, 1311, 836, 1245, 1204, 1352, 1045, 1280, 803, 1218, 1219, 851, 1307, 736, 889, 677, 703, 1282, 1163, 752, 836, 1150, 1010, 553, 356, 928, 805, 327, 522, 1176, 999, 1538, 1175, 1232, 962, 1160, 929, 1252, 1371, 1091, 886, 1026, 1238, 1066, 1215, 363, 898, 1132, 1073, 1917, 2243, 1928, 1384, 1237, 817, 1305, 1187, 1300, 953, 754, 725, 241, 517, 779, 876, 729, 519, 0, 136, 979, 957, 707, 567, 586, 72, 719, 815, 508, 231, 794, 1191, 1527, 1559, 1204, 1127, 620, 654]

fitness_list [32700, 35226, 35912, 37409, 37956, 37263, 38106, 38060, 38079, 38071, 37911, 38223, 38365, 38005, 37481, 37956, 37547, 37588, 37440, 37747, 37512, 37989, 37574, 37573, 37941, 37485, 38056, 37903, 38115, 38089, 37510, 37629, 38040, 37956, 37642, 37782, 38239, 38436, 37864, 37987, 38465, 38270, 37616, 37793, 37254, 37617, 37560, 37830, 37632, 37863, 37540, 37421, 37701, 37906, 37766, 37554, 37726, 37577, 38429, 37894, 37660, 37719, 36875, 36549, 36864, 37408, 37555, 37975, 37487, 37605, 37492, 37839, 38038, 38067, 38551, 38275, 38013, 37916, 38063, 38273, 38792, 38656, 37813, 37835, 38085, 38225, 38206, 38720, 38073, 37977, 38284, 38561, 37998, 37601, 37265, 37233, 37588, 37665, 38172, 38138]

least_err 72
mean_abs_diff 1043.08
mean_abs_per_err 0.026889049288513094
succes_rate 0.01
worst_fitness 32700


OR10x100-0.25_1.dat

alg_std 214.67636549
best_fitness 16356
capacities [13640, 12048, 12574, 13915, 13232, 12190, 12242, 12394, 12258, 10960]

diff_list [1375, 889, 568, 597, 558, 572, 0, 389, 226, 116, 335, 335, 335, 553, 719, 973, 360, 246, 258, 410, 551, 725, 347, 326, 612, 347, 526, 285, 389, 434, 554, 517, 791, 636, 544, 713, 485, 614, 557, 435, 408, 376, 238, 355, 935, 352, 261, 199, 369, 237, 237, 509, 518, 729, 288, 288, 680, 355, 329, 233, 105, 216, 384, 205, 484, 579, 284, 469, 408, 568, 237, 375, 384, 467, 191, 191, 191, 127, 167, 167, 167, 112, 112, 445, 372, 403, 507, 428, 257, 649, 516, 199, 837, 230, 469, 394, 394, 474, 431, 366]

fitness_list [1375, 889, 568, 597, 558, 572, 0, 389, 226, 116, 335, 335, 335, 553, 719, 973, 360, 246, 258, 410, 551, 725, 347, 326, 612, 347, 526, 285, 389, 434, 554, 517, 791, 636, 544, 713, 485, 614, 557, 435, 408, 376, 238, 355, 935, 352, 261, 199, 369, 237, 237, 509, 518, 729, 288, 288, 680, 355, 329, 233, 105, 216, 384, 205, 484, 579, 284, 469, 408, 568, 237, 375, 384, 467, 191, 191, 191, 127, 167, 167, 167, 112, 112, 445, 372, 403, 507, 428, 257, 649, 516, 199, 837, 230, 469, 394, 394, 474, 431, 366]

least_err 105
mean_abs_diff 420.59
mean_abs_per_err 0.02571472242602103
succes_rate 0.01
worst_fitness 14981


OR5x100-0.25_1.dat

alg_std 313.485775754
best_fitness 15909
capacities [11927, 13727, 11551, 13056, 13460]

diff_list [2546, 1174, 801, 801, 419, 599, 361, 361, 593, 730, 652, 533, 779, 635, 568, 1184, 978, 542, 668, 879, 651, 428, 1000, 1060, 605, 0, 0, 316, 465, 696, 838, 569, 1140, 812, 549, 549, 481, 366, 554, 523, 804, 425, 652, 298, 484, 577, 525, 404, 789, 566, 763, 732, 640, 390, 249, 224, 730, 311, 497, 479, 363, 824, 967, 647, 881, 1028, 747, 841, 770, 730, 604, 658, 1159, 496, 438, 457, 436, 853, 952, 922, 805, 531, 432, 320, 525, 779, 716, 1065, 344, 689, 581, 493, 540, 809, 63, 225, 549, 281, 414, 344]

fitness_list [13363, 14735, 15108, 15108, 15490, 15310, 15548, 15548, 15316, 15179, 15257, 15376, 15130, 15274, 15341, 14725, 14931, 15367, 15241, 15030, 15258, 15481, 14909, 14849, 15304, 15909, 15909, 15593, 15444, 15213, 15071, 15340, 14769, 15097, 15360, 15360, 15428, 15543, 15355, 15386, 15105, 15484, 15257, 15611, 15425, 15332, 15384, 15505, 15120, 15343, 15146, 15177, 15269, 15519, 15660, 15685, 15179, 15598, 15412, 15430, 15546, 15085, 14942, 15262, 15028, 14881, 15162, 15068, 15139, 15179, 15305, 15251, 14750, 15413, 15471, 15452, 15473, 15056, 14957, 14987, 15104, 15378, 15477, 15589, 15384, 15130, 15193, 14844, 15565, 15220, 15328, 15416, 15369, 15100, 15846, 15684, 15360, 15628, 15495, 15565]

least_err 63
mean_abs_diff 632.22
mean_abs_per_err 0.039739769941542526
succes_rate 0.02
worst_fitness 13363
