OR5x100-0.25_1.dat

capacity = [11927, 13727, 11551, 13056, 13460]

items = [[504, 42, 509, 806, 404, 475],
 [803, 41, 883, 361, 197, 36],
 [667, 523, 229, 199, 817, 287],
 [1103, 215, 569, 781, 1000, 577],
 [834, 819, 706, 596, 44, 45],
 [585, 551, 639, 669, 307, 700],
 [811, 69, 114, 957, 39, 803],
 [856, 193, 727, 358, 659, 654],
 [690, 582, 491, 259, 46, 196],
 [832, 375, 481, 888, 334, 844],
 [846, 367, 681, 319, 448, 657],
 [813, 478, 948, 751, 599, 387],
 [868, 162, 687, 275, 931, 518],
 [793, 898, 941, 177, 776, 143],
 [825, 550, 350, 883, 263, 515],
 [1002, 553, 253, 749, 980, 335],
 [860, 298, 573, 229, 807, 942],
 [615, 577, 40, 265, 378, 701],
 [540, 493, 124, 282, 278, 332],
 [797, 183, 384, 694, 841, 803],
 [616, 260, 660, 819, 700, 265],
 [660, 224, 951, 77, 210, 922],
 [707, 852, 739, 190, 542, 908],
 [866, 394, 329, 551, 636, 139],
 [647, 958, 146, 140, 388, 995],
 [746, 282, 593, 442, 129, 845],
 [1006, 402, 658, 867, 203, 487],
 [608, 604, 816, 283, 110, 100],
 [877, 164, 638, 137, 817, 447],
 [900, 308, 717, 359, 502, 653],
 [573, 218, 779, 445, 657, 649],
 [788, 61, 289, 58, 804, 738],
 [484, 273, 430, 440, 662, 424],
 [853, 772, 851, 192, 989, 475],
 [942, 191, 937, 485, 585, 425],
 [630, 117, 289, 744, 645, 926],
 [591, 276, 159, 844, 113, 795],
 [630, 877, 260, 969, 436, 47],
 [640, 415, 930, 50, 610, 136],
 [1169, 873, 248, 833, 948, 801],
 [932, 902, 656, 57, 919, 904],
 [1034, 465, 833, 877, 115, 740],
 [957, 320, 892, 482, 967, 768],
 [798, 870, 60, 732, 13, 460],
 [669, 244, 278, 968, 445, 76],
 [625, 781, 741, 113, 449, 660],
 [467, 86, 297, 486, 740, 500],
 [1051, 622, 967, 710, 592, 915],
 [552, 665, 86, 439, 327, 897],
 [717, 155, 249, 747, 167, 25],
 [654, 680, 354, 174, 368, 716],
 [388, 101, 614, 260, 335, 557],
 [559, 665, 836, 877, 179, 72],
 [555, 227, 290, 474, 909, 696],
 [1104, 597, 893, 841, 825, 653],
 [783, 354, 857, 422, 614, 933],
 [959, 597, 158, 280, 987, 420],
 [668, 79, 869, 684, 350, 582],
 [507, 162, 206, 330, 179, 810],
 [855, 998, 504, 910, 415, 861],
 [986, 849, 799, 791, 821, 758],
 [831, 136, 758, 322, 525, 647],
 [821, 112, 431, 404, 774, 237],
 [825, 751, 580, 403, 283, 631],
 [868, 735, 780, 519, 427, 271],
 [852, 884, 788, 148, 275, 91],
 [832, 71, 583, 948, 659, 75],
 [828, 449, 641, 414, 392, 756],
 [799, 266, 32, 894, 73, 409],
 [686, 420, 653, 147, 896, 440],
 [510, 797, 252, 73, 68, 483],
 [671, 945, 709, 297, 982, 336],
 [575, 746, 129, 97, 697, 765],
 [740, 46, 368, 651, 421, 637],
 [510, 44, 440, 380, 246, 981],
 [675, 545, 314, 67, 672, 980],
 [996, 882, 287, 582, 649, 202],
 [636, 72, 854, 973, 731, 35],
 [826, 383, 460, 143, 191, 594],
 [1022, 714, 594, 732, 514, 689],
 [1140, 987, 512, 624, 983, 602],
 [654, 183, 239, 518, 886, 76],
 [909, 731, 719, 847, 95, 767],
 [799, 301, 751, 113, 846, 693],
 [1162, 718, 708, 382, 689, 893],
 [653, 91, 670, 97, 206, 160],
 [814, 109, 269, 905, 417, 785],
 [625, 567, 832, 398, 14, 311],
 [599, 708, 137, 859, 735, 417],
 [476, 507, 356, 4, 267, 748],
 [767, 983, 960, 142, 822, 375],
 [954, 808, 651, 110, 977, 362],
 [906, 766, 398, 11, 302, 617],
 [904, 615, 893, 213, 687, 553],
 [649, 554, 407, 398, 118, 474],
 [873, 282, 477, 173, 990, 915],
 [565, 995, 552, 106, 323, 457],
 [853, 946, 805, 331, 993, 261],
 [1008, 651, 881, 254, 525, 350],
 [632, 298, 850, 447, 322, 635]]
 
 
 OR5x250-0.25_1.dat
 
 capacity = [29562, 30027, 32082, 31340, 29959]
 
 items = [[866, 838, 866, 196, 322, 508],
 [319, 379, 142, 343, 38, 630],
 [563, 403, 754, 151, 759, 214],
 [1003, 772, 564, 308, 864, 472],
 [601, 84, 805, 19, 80, 612],
 [638, 758, 179, 643, 335, 436],
 [870, 290, 666, 251, 606, 69],
 [1033, 242, 926, 834, 849, 671],
 [782, 445, 219, 318, 391, 978],
 [708, 878, 637, 809, 496, 281],
 [612, 86, 671, 566, 90, 337],
 [631, 788, 730, 60, 681, 848],
 [837, 133, 113, 642, 920, 203],
 [671, 13, 813, 629, 931, 415],
 [552, 980, 97, 232, 478, 731],
 [753, 768, 442, 177, 746, 327],
 [1097, 882, 878, 549, 963, 661],
 [885, 999, 281, 930, 521, 195],
 [387, 430, 749, 92, 53, 393],
 [757, 981, 320, 573, 928, 104],
 [827, 17, 632, 873, 960, 522],
 [667, 731, 325, 90, 834, 511],
 [525, 866, 323, 586, 7, 749],
 [508, 813, 80, 297, 30, 699],
 [910, 691, 634, 930, 514, 653],
 [940, 125, 17, 967, 192, 959],
 [939, 445, 844, 305, 61, 693],
 [626, 433, 761, 254, 726, 742],
 [1035, 394, 184, 919, 730, 565],
 [757, 989, 655, 540, 510, 934],
 [718, 677, 276, 225, 427, 669],
 [883, 96, 591, 98, 858, 807],
 [1155, 974, 832, 259, 517, 949],
 [774, 686, 97, 379, 691, 486],
 [509, 488, 843, 138, 191, 830],
 [846, 183, 298, 958, 821, 590],
 [809, 381, 128, 568, 724, 527],
 [561, 286, 108, 405, 894, 665],
 [636, 456, 971, 902, 14, 557],
 [832, 615, 676, 997, 256, 76],
 [840, 478, 830, 424, 15, 428],
 [720, 71, 631, 883, 857, 290],
 [638, 83, 921, 655, 89, 188],
 [512, 290, 341, 805, 470, 542],
 [638, 308, 268, 980, 409, 165],
 [651, 410, 938, 887, 734, 66],
 [720, 612, 51, 904, 426, 873],
 [662, 811, 671, 339, 647, 256],
 [745, 891, 601, 425, 778, 358],
 [632, 463, 46, 729, 626, 228],
 [968, 803, 446, 580, 57, 640],
 [738, 48, 656, 608, 989, 514],
 [918, 932, 222, 765, 231, 135],
 [541, 220, 512, 34, 979, 496],
 [864, 93, 925, 186, 948, 16],
 [195, 33, 371, 62, 120, 170],
 [553, 193, 220, 436, 449, 722],
 [757, 324, 820, 731, 763, 120],
 [626, 452, 809, 811, 370, 329],
 [719, 6, 822, 824, 66, 223],
 [768, 159, 200, 979, 359, 12],
 [536, 858, 171, 491, 242, 188],
 [995, 636, 579, 561, 335, 393],
 [856, 602, 993, 988, 537, 73],
 [906, 670, 516, 713, 669, 692],
 [696, 265, 213, 115, 956, 901],
 [850, 667, 298, 287, 341, 641],
 [584, 217, 531, 930, 192, 721],
 [744, 442, 725, 153, 114, 125],
 [1130, 566, 510, 690, 920, 747],
 [482, 214, 61, 416, 398, 82],
 [1005, 386, 803, 857, 308, 277],
 [348, 7, 206, 393, 410, 299],
 [701, 888, 504, 199, 908, 144],
 [1077, 906, 271, 849, 972, 399],
 [718, 300, 17, 646, 87, 56],
 [799, 6, 375, 95, 904, 919],
 [570, 173, 268, 625, 73, 769],
 [574, 1, 869, 246, 964, 89],
 [565, 282, 963, 636, 535, 314],
 [597, 33, 813, 272, 298, 554],
 [361, 684, 63, 672, 146, 88],
 [778, 489, 913, 149, 830, 37],
 [682, 270, 7, 890, 635, 764],
 [358, 288, 688, 120, 73, 67],
 [600, 258, 350, 482, 283, 211],
 [1066, 796, 173, 940, 734, 590],
 [693, 224, 196, 287, 203, 914],
 [476, 2, 311, 729, 55, 785],
 [962, 381, 706, 925, 156, 969],
 [748, 529, 374, 315, 47, 209],
 [559, 635, 415, 574, 581, 119],
 [725, 275, 804, 964, 575, 943],
 [711, 746, 137, 448, 874, 746],
 [795, 485, 78, 362, 509, 149],
 [417, 307, 598, 585, 63, 202],
 [674, 840, 223, 160, 939, 170],
 [300, 263, 267, 135, 626, 164],
 [650, 250, 639, 673, 695, 238],
 [880, 105, 565, 527, 344, 498],
 [698, 443, 851, 357, 392, 540],
 [508, 39, 543, 290, 348, 325],
 [982, 419, 424, 905, 934, 846],
 [737, 306, 260, 534, 860, 874],
 [920, 230, 699, 784, 921, 887],
 [599, 553, 296, 637, 833, 555],
 [428, 188, 10, 981, 129, 458],
 [594, 659, 773, 15, 827, 132],
 [297, 745, 98, 52, 95, 216],
 [762, 959, 364, 838, 573, 957],
 [424, 844, 327, 184, 228, 70],
 [757, 141, 583, 683, 865, 423],
 [999, 909, 493, 956, 163, 913],
 [939, 239, 446, 816, 858, 648],
 [647, 624, 479, 733, 244, 848],
 [814, 368, 372, 553, 667, 288],
 [772, 524, 537, 59, 225, 492],
 [488, 60, 144, 737, 170, 152],
 [878, 854, 241, 401, 267, 149],
 [632, 200, 171, 661, 606, 746],
 [1034, 390, 619, 712, 845, 520],
 [709, 570, 666, 822, 11, 885],
 [552, 54, 20, 897, 484, 646],
 [669, 34, 564, 847, 152, 894],
 [1039, 605, 756, 90, 738, 534],
 [789, 932, 641, 138, 440, 49],
 [959, 168, 388, 611, 965, 488],
 [905, 621, 254, 529, 747, 408],
 [1009, 771, 137, 655, 982, 352],
 [755, 685, 9, 504, 387, 730],
 [559, 429, 307, 94, 511, 254],
 [424, 57, 27, 719, 813, 455],
 [748, 320, 28, 837, 887, 758],
 [860, 392, 656, 558, 324, 284],
 [800, 816, 924, 128, 719, 311],
 [1146, 720, 630, 819, 785, 898],
 [418, 725, 308, 845, 156, 24],
 [789, 152, 559, 630, 568, 332],
 [721, 49, 112, 379, 26, 967],
 [757, 415, 874, 167, 155, 491],
 [1107, 503, 757, 986, 779, 499],
 [878, 743, 378, 451, 370, 845],
 [850, 101, 807, 527, 506, 230],
 [816, 475, 194, 74, 877, 629],
 [724, 957, 263, 957, 510, 243],
 [1011, 640, 586, 536, 594, 715],
 [742, 223, 462, 229, 475, 915],
 [541, 36, 232, 791, 820, 565],
 [766, 769, 535, 541, 837, 812],
 [739, 859, 326, 40, 273, 672],
 [536, 484, 843, 769, 141, 406],
 [697, 602, 614, 616, 282, 842],
 [494, 702, 200, 977, 58, 449],
 [839, 867, 510, 13, 400, 873],
 [417, 513, 450, 133, 447, 296],
 [644, 585, 310, 117, 58, 59],
 [756, 5, 775, 414, 855, 953],
 [511, 16, 899, 689, 178, 552],
 [913, 661, 893, 709, 335, 995],
 [678, 79, 210, 364, 758, 573],
 [698, 287, 321, 711, 415, 813],
 [407, 13, 168, 70, 752, 688],
 [815, 278, 196, 847, 652, 41],
 [823, 791, 859, 224, 1000, 177],
 [743, 625, 806, 551, 39, 58],
 [945, 170, 425, 854, 271, 602],
 [1055, 21, 658, 958, 840, 669],
 [472, 333, 202, 786, 42, 671],
 [947, 371, 450, 816, 986, 382],
 [386, 712, 285, 161, 481, 219],
 [1011, 880, 707, 403, 198, 708],
 [1121, 360, 903, 792, 702, 597],
 [886, 712, 239, 337, 175, 893],
 [1055, 982, 821, 794, 576, 897],
 [842, 995, 767, 730, 847, 250],
 [691, 502, 397, 376, 596, 342],
 [389, 155, 396, 281, 740, 353],
 [522, 797, 546, 689, 315, 193],
 [790, 414, 336, 869, 76, 492],
 [886, 715, 154, 458, 999, 746],
 [500, 837, 251, 294, 174, 346],
 [1018, 670, 616, 30, 734, 834],
 [650, 629, 67, 123, 635, 104],
 [663, 663, 248, 560, 430, 433],
 [640, 352, 757, 340, 431, 163],
 [909, 111, 717, 874, 682, 183],
 [602, 810, 288, 631, 10, 766],
 [590, 722, 13, 679, 52, 264],
 [747, 483, 382, 526, 815, 289],
 [465, 151, 719, 862, 306, 32],
 [714, 203, 585, 168, 244, 446],
 [615, 40, 882, 682, 511, 863],
 [806, 284, 489, 758, 422, 433],
 [829, 127, 448, 768, 129, 829],
 [946, 979, 660, 259, 822, 526],
 [965, 701, 717, 195, 776, 456],
 [633, 439, 697, 533, 167, 336],
 [912, 164, 554, 633, 516, 503],
 [966, 841, 865, 915, 305, 146],
 [525, 439, 127, 409, 607, 872],
 [793, 889, 117, 553, 316, 706],
 [728, 190, 210, 231, 996, 126],
 [717, 562, 914, 140, 485, 810],
 [681, 262, 229, 96, 268, 122],
 [821, 490, 697, 385, 73, 679],
 [892, 987, 799, 363, 279, 666],
 [452, 15, 429, 130, 450, 73],
 [561, 492, 423, 132, 365, 792],
 [393, 550, 43, 321, 282, 193],
 [524, 25, 672, 450, 339, 459],
 [823, 207, 796, 76, 598, 251],
 [658, 53, 491, 467, 739, 961],
 [680, 2, 212, 654, 76, 871],
 [814, 597, 862, 52, 674, 791],
 [1091, 498, 767, 888, 717, 181],
 [668, 509, 726, 877, 499, 185],
 [650, 830, 107, 537, 964, 790],
 [315, 78, 510, 30, 347, 159],
 [943, 963, 614, 494, 547, 241],
 [830, 547, 48, 492, 981, 203],
 [586, 272, 593, 396, 385, 852],
 [615, 272, 269, 888, 14, 280],
 [1039, 995, 760, 611, 235, 184],
 [655, 458, 853, 747, 742, 343],
 [645, 730, 231, 454, 915, 164],
 [759, 770, 529, 782, 750, 346],
 [890, 901, 202, 924, 726, 286],
 [805, 689, 114, 841, 646, 756],
 [1010, 225, 783, 654, 240, 713],
 [635, 719, 803, 55, 437, 530],
 [491, 581, 88, 630, 42, 996],
 [855, 927, 261, 482, 705, 308],
 [634, 765, 948, 672, 10, 43],
 [534, 180, 278, 391, 896, 904],
 [1076, 783, 773, 711, 800, 48],
 [276, 329, 3, 185, 54, 482],
 [536, 183, 778, 483, 450, 666],
 [644, 318, 775, 285, 775, 720],
 [761, 145, 931, 175, 971, 909],
 [893, 847, 209, 631, 545, 572],
 [743, 798, 469, 462, 67, 485],
 [410, 569, 746, 316, 43, 288],
 [553, 24, 458, 308, 969, 442],
 [797, 210, 378, 322, 512, 80],
 [714, 455, 444, 494, 870, 617],
 [734, 993, 808, 313, 652, 710],
 [734, 259, 872, 440, 811, 138],
 [773, 325, 339, 159, 560, 512],
 [745, 927, 482, 761, 457, 299],
 [378, 945, 90, 193, 242, 80]]
 
OR10x100-0.25_1.dat

capacity = [13640, 12048, 12574, 13915, 13232, 12190, 12242, 12394, 12258, 10960]

items =  [[803, 300, 297, 24, 791, 98, 4, 926, 682, 942, 608],
 [728, 78, 539, 638, 715, 947, 459, 396, 495, 431, 446],
 [743, 275, 903, 899, 560, 956, 106, 649, 207, 834, 555],
 [464, 724, 75, 982, 703, 509, 86, 219, 741, 554, 22],
 [853, 674, 384, 207, 415, 298, 392, 598, 459, 850, 45],
 [587, 227, 474, 788, 363, 728, 345, 352, 268, 484, 384],
 [856, 84, 909, 194, 239, 253, 585, 454, 898, 58, 422],
 [579, 587, 5, 455, 357, 779, 761, 493, 380, 191, 518],
 [359, 768, 97, 217, 953, 244, 193, 1, 440, 108, 80],
 [635, 51, 323, 71, 567, 208, 746, 968, 138, 75, 954],
 [661, 446, 326, 799, 368, 324, 19, 979, 413, 792, 960],
 [679, 955, 125, 539, 349, 227, 393, 240, 193, 801, 253],
 [583, 886, 578, 720, 21, 50, 73, 675, 148, 451, 285],
 [1026, 871, 415, 713, 874, 708, 932, 6, 348, 994, 425],
 [637, 557, 420, 443, 874, 719, 117, 373, 642, 950, 552],
 [652, 978, 581, 268, 872, 158, 389, 499, 148, 145, 513],
 [603, 336, 272, 257, 443, 787, 2, 51, 274, 512, 984],
 [583, 442, 455, 861, 56, 33, 10, 699, 830, 956, 757],
 [1017, 71, 895, 891, 632, 536, 184, 731, 679, 345, 219],
 [817, 222, 294, 857, 798, 60, 406, 134, 964, 52, 50],
 [633, 505, 633, 633, 255, 327, 314, 899, 82, 750, 772],
 [633, 327, 858, 620, 773, 852, 256, 312, 147, 776, 956],
 [672, 706, 215, 336, 36, 128, 3, 402, 289, 653, 434],
 [540, 86, 157, 912, 692, 105, 544, 997, 557, 15, 427],
 [732, 596, 807, 500, 239, 968, 903, 449, 396, 515, 417],
 [879, 257, 322, 361, 485, 314, 839, 494, 805, 296, 676],
 [1031, 726, 670, 66, 980, 978, 640, 621, 679, 223, 227],
 [801, 420, 997, 469, 381, 368, 893, 938, 912, 19, 693],
 [892, 835, 315, 789, 886, 318, 606, 211, 630, 192, 279],
 [1030, 792, 101, 717, 875, 826, 660, 749, 230, 914, 50],
 [844, 739, 489, 244, 592, 407, 622, 169, 943, 388, 249],
 [659, 373, 784, 73, 345, 123, 86, 118, 254, 272, 199],
 [952, 796, 479, 780, 863, 617, 475, 413, 54, 474, 422],
 [917, 769, 836, 801, 778, 943, 297, 367, 746, 673, 485],
 [1078, 745, 224, 894, 985, 757, 420, 514, 563, 229, 747],
 [1012, 540, 917, 185, 520, 326, 672, 726, 349, 490, 680],
 [709, 966, 898, 947, 385, 620, 928, 802, 878, 6, 353],
 [699, 450, 894, 680, 110, 687, 409, 170, 552, 753, 545],
 [1091, 721, 347, 917, 905, 63, 969, 440, 721, 670, 254],
 [887, 242, 576, 275, 501, 439, 696, 501, 367, 278, 128],
 [802, 559, 434, 887, 69, 614, 694, 132, 803, 158, 710],
 [1016, 352, 834, 792, 944, 533, 276, 679, 132, 541, 469],
 [757, 990, 243, 986, 922, 522, 507, 671, 982, 795, 97],
 [810, 951, 940, 424, 106, 174, 431, 373, 221, 163, 585],
 [1023, 875, 403, 167, 680, 439, 252, 164, 891, 998, 398],
 [757, 329, 326, 108, 315, 862, 910, 295, 751, 528, 780],
 [518, 803, 408, 389, 735, 981, 206, 137, 296, 394, 700],
 [632, 892, 353, 258, 912, 972, 260, 860, 406, 65, 361],
 [1091, 52, 945, 941, 904, 789, 666, 184, 689, 614, 509],
 [595, 681, 307, 963, 585, 573, 464, 358, 721, 349, 36],
 [630, 388, 48, 47, 877, 262, 784, 299, 77, 198, 216],
 [916, 824, 302, 869, 475, 989, 372, 696, 199, 451, 357],
 [759, 892, 287, 711, 136, 573, 740, 263, 803, 325, 912],
 [674, 381, 621, 117, 92, 184, 948, 966, 187, 136, 927],
 [553, 52, 546, 170, 495, 604, 998, 570, 191, 570, 188],
 [703, 774, 749, 725, 799, 828, 314, 155, 769, 635, 229],
 [530, 372, 869, 221, 300, 336, 887, 629, 174, 921, 161],
 [790, 368, 147, 131, 479, 503, 968, 12, 999, 192, 309],
 [628, 969, 870, 370, 540, 1000, 257, 164, 84, 919, 765],
 [671, 929, 329, 371, 125, 515, 230, 261, 598, 657, 834],
 [667, 378, 115, 792, 820, 954, 62, 471, 886, 169, 220],
 [885, 449, 450, 460, 712, 751, 410, 833, 747, 643, 310],
 [527, 249, 534, 264, 258, 627, 718, 958, 63, 755, 538],
 [970, 255, 592, 518, 299, 776, 543, 805, 225, 548, 399],
 [683, 123, 609, 111, 776, 676, 553, 78, 655, 638, 247],
 [716, 745, 25, 127, 587, 899, 397, 352, 10, 576, 624],
 [714, 978, 16, 370, 358, 870, 728, 857, 984, 666, 699],
 [919, 862, 392, 875, 503, 974, 640, 253, 880, 133, 154],
 [504, 302, 202, 121, 815, 516, 306, 548, 378, 709, 748],
 [703, 549, 5, 69, 168, 5, 471, 250, 386, 794, 77],
 [924, 229, 818, 396, 979, 891, 118, 75, 804, 457, 575],
 [533, 418, 195, 485, 658, 848, 499, 55, 451, 334, 553],
 [510, 389, 444, 433, 840, 218, 463, 823, 360, 134, 454],
 [993, 768, 571, 305, 984, 664, 987, 187, 779, 105, 161],
 [840, 961, 948, 589, 974, 79, 916, 679, 364, 847, 640],
 [538, 186, 154, 908, 532, 542, 425, 627, 154, 949, 693],
 [909, 657, 552, 460, 765, 938, 198, 680, 897, 986, 28],
 [884, 717, 567, 214, 962, 397, 525, 626, 572, 400, 487],
 [639, 254, 820, 1, 851, 660, 435, 44, 863, 747, 111],
 [811, 533, 243, 389, 323, 397, 677, 78, 864, 47, 424],
 [1000, 733, 537, 972, 963, 567, 301, 179, 522, 767, 112],
 [267, 144, 358, 31, 904, 183, 329, 116, 317, 63, 17],
 [632, 208, 260, 426, 185, 96, 775, 950, 575, 331, 95],
 [937, 928, 706, 836, 507, 592, 699, 866, 337, 327, 597],
 [875, 919, 471, 986, 762, 846, 892, 900, 375, 675, 87],
 [768, 402, 237, 20, 40, 271, 242, 669, 411, 655, 1],
 [928, 536, 676, 941, 798, 943, 620, 182, 692, 233, 307],
 [378, 900, 281, 652, 108, 201, 36, 376, 196, 724, 203],
 [948, 893, 145, 222, 628, 558, 881, 725, 302, 633, 806],
 [628, 814, 273, 914, 547, 926, 3, 635, 16, 743, 571],
 [530, 121, 567, 93, 123, 961, 192, 466, 251, 494, 334],
 [676, 601, 87, 634, 127, 357, 806, 398, 608, 36, 441],
 [662, 262, 692, 646, 231, 216, 761, 770, 751, 382, 489],
 [490, 207, 787, 343, 8, 110, 543, 611, 295, 25, 374],
 [1006, 735, 878, 923, 781, 419, 806, 285, 180, 187, 695],
 [949, 125, 857, 613, 862, 627, 118, 688, 904, 883, 929],
 [822, 755, 821, 808, 810, 267, 543, 921, 13, 483, 411],
 [694, 581, 89, 264, 638, 111, 810, 640, 695, 923, 438],
 [1013, 464, 983, 160, 248, 742, 272, 853, 726, 860, 416],
 [600, 674, 388, 254, 198, 211, 461, 856, 615, 249, 805]]
 
 
 OR10x250-0.25_1.dat
 
 capacity = [31985, 30902, 31096, 31684, 31802, 31439, 29603, 30621, 32059, 31345]
 items = [[992, 396, 422, 468, 909, 865, 543, 660, 714, 307, 759],
 [612, 63, 396, 664, 239, 626, 987, 663, 386, 464, 791],
 [582, 43, 538, 408, 481, 614, 922, 612, 736, 870, 73],
 [610, 279, 638, 316, 430, 517, 942, 454, 712, 471, 398],
 [495, 807, 984, 330, 589, 314, 777, 55, 112, 580, 158],
 [573, 710, 463, 149, 928, 708, 498, 4, 617, 279, 218],
 [608, 482, 536, 111, 277, 425, 879, 397, 957, 712, 662],
 [873, 339, 582, 285, 68, 765, 247, 681, 327, 347, 687],
 [636, 659, 612, 938, 386, 732, 159, 670, 660, 396, 35],
 [620, 810, 379, 687, 498, 542, 953, 7, 27, 430, 448],
 [560, 542, 386, 699, 238, 182, 317, 439, 376, 850, 954],
 [983, 945, 769, 114, 436, 150, 746, 871, 253, 832, 454],
 [760, 467, 427, 753, 237, 99, 233, 969, 566, 602, 603],
 [935, 651, 358, 384, 834, 188, 351, 855, 715, 938, 191],
 [693, 290, 972, 409, 271, 743, 123, 869, 974, 208, 388],
 [751, 63, 340, 506, 124, 61, 882, 233, 597, 708, 271],
 [582, 68, 854, 721, 555, 485, 460, 756, 113, 517, 863],
 [438, 30, 367, 408, 448, 479, 776, 637, 561, 58, 227],
 [499, 468, 1, 873, 181, 934, 605, 237, 38, 956, 499],
 [692, 599, 543, 421, 991, 331, 544, 53, 971, 376, 18],
 [570, 712, 306, 273, 874, 439, 385, 21, 646, 738, 160],
 [773, 246, 954, 10, 645, 469, 755, 969, 877, 230, 17],
 [473, 642, 206, 531, 717, 151, 745, 325, 230, 471, 150],
 [634, 132, 959, 457, 146, 755, 798, 559, 435, 622, 939],
 [980, 452, 641, 692, 722, 493, 875, 930, 340, 992, 469],
 [935, 722, 931, 15, 816, 921, 295, 192, 854, 116, 954],
 [905, 461, 806, 525, 235, 375, 115, 447, 636, 395, 866],
 [910, 765, 247, 58, 340, 620, 11, 869, 93, 941, 427],
 [902, 56, 835, 685, 244, 276, 926, 152, 146, 949, 649],
 [718, 452, 763, 173, 734, 273, 553, 914, 17, 894, 576],
 [837, 303, 795, 217, 674, 648, 826, 196, 748, 448, 734],
 [939, 100, 518, 627, 355, 63, 464, 784, 883, 580, 344],
 [847, 625, 297, 591, 852, 992, 584, 436, 600, 102, 789],
 [911, 303, 36, 117, 661, 618, 183, 268, 691, 773, 713],
 [789, 843, 536, 608, 175, 129, 839, 786, 380, 131, 280],
 [733, 998, 143, 295, 958, 488, 76, 900, 881, 208, 300],
 [977, 145, 190, 966, 870, 620, 553, 850, 569, 193, 464],
 [629, 806, 388, 31, 439, 83, 218, 138, 549, 907, 982],
 [947, 104, 809, 482, 972, 727, 217, 173, 72, 750, 557],
 [719, 81, 267, 118, 374, 52, 131, 390, 297, 741, 296],
 [804, 921, 435, 916, 866, 45, 626, 775, 633, 563, 648],
 [587, 652, 659, 278, 319, 835, 5, 74, 314, 220, 418],
 [919, 453, 736, 169, 869, 735, 434, 574, 471, 898, 939],
 [627, 622, 430, 88, 547, 191, 255, 800, 1000, 878, 319],
 [816, 915, 673, 749, 918, 853, 519, 814, 278, 161, 568],
 [849, 751, 45, 435, 68, 843, 519, 401, 762, 82, 75],
 [565, 116, 350, 992, 332, 511, 735, 103, 986, 373, 143],
 [957, 475, 739, 403, 912, 50, 860, 807, 557, 317, 451],
 [762, 139, 158, 570, 144, 176, 715, 20, 384, 591, 855],
 [917, 740, 142, 826, 720, 588, 867, 623, 331, 571, 59],
 [936, 207, 141, 286, 813, 511, 906, 666, 688, 571, 373],
 [1006, 768, 129, 685, 791, 407, 509, 583, 483, 817, 448],
 [888, 199, 875, 831, 880, 456, 448, 613, 231, 913, 908],
 [768, 505, 992, 503, 752, 31, 82, 785, 180, 43, 195],
 [774, 76, 584, 578, 321, 787, 791, 252, 283, 653, 347],
 [770, 541, 547, 1, 818, 340, 440, 522, 475, 98, 137],
 [796, 794, 11, 395, 79, 441, 932, 267, 537, 509, 188],
 [774, 549, 77, 198, 290, 159, 653, 426, 530, 129, 612],
 [698, 879, 823, 230, 35, 541, 192, 349, 887, 916, 693],
 [910, 616, 696, 737, 462, 993, 690, 397, 899, 646, 590],
 [675, 148, 44, 818, 850, 892, 2, 618, 713, 125, 751],
 [808, 959, 398, 789, 256, 926, 468, 393, 446, 867, 389],
 [791, 435, 68, 188, 813, 724, 769, 316, 608, 572, 414],
 [864, 391, 599, 39, 480, 378, 290, 95, 884, 881, 627],
 [809, 270, 307, 628, 853, 332, 877, 444, 350, 925, 829],
 [963, 905, 703, 483, 998, 673, 645, 177, 53, 256, 259],
 [707, 864, 7, 601, 439, 647, 651, 925, 793, 770, 219],
 [1057, 239, 944, 555, 524, 427, 670, 624, 966, 158, 551],
 [814, 881, 657, 235, 872, 66, 589, 469, 337, 65, 908],
 [649, 891, 41, 133, 476, 261, 238, 474, 21, 401, 924],
 [499, 691, 130, 435, 748, 647, 393, 26, 116, 123, 631],
 [558, 443, 938, 43, 154, 294, 889, 998, 11, 569, 841],
 [799, 413, 648, 871, 417, 657, 103, 806, 996, 756, 326],
 [940, 439, 669, 948, 300, 503, 802, 339, 864, 446, 946],
 [682, 1000, 91, 364, 197, 504, 524, 114, 677, 897, 310],
 [950, 36, 857, 118, 975, 373, 63, 159, 998, 952, 498],
 [920, 256, 603, 889, 631, 393, 518, 122, 658, 112, 573],
 [797, 64, 57, 560, 691, 229, 147, 164, 571, 482, 232],
 [925, 152, 925, 828, 642, 630, 607, 891, 724, 351, 643],
 [930, 387, 235, 239, 796, 921, 781, 901, 451, 940, 355],
 [676, 948, 216, 802, 226, 92, 452, 394, 203, 64, 902],
 [674, 672, 468, 858, 376, 109, 787, 172, 427, 382, 174],
 [427, 515, 117, 335, 221, 567, 161, 369, 190, 679, 104],
 [843, 999, 535, 979, 57, 167, 996, 612, 251, 419, 109],
 [922, 247, 791, 785, 76, 226, 679, 192, 916, 847, 894],
 [675, 390, 145, 476, 238, 241, 938, 880, 12, 63, 908],
 [759, 541, 237, 732, 380, 149, 590, 388, 275, 992, 768],
 [898, 47, 501, 217, 416, 869, 359, 4, 110, 795, 914],
 [712, 729, 255, 343, 256, 28, 915, 494, 104, 735, 991],
 [808, 877, 246, 274, 496, 951, 991, 974, 977, 207, 296],
 [479, 584, 147, 417, 897, 296, 293, 931, 318, 80, 542],
 [762, 262, 370, 611, 449, 184, 569, 871, 87, 423, 927],
 [757, 904, 605, 458, 916, 266, 267, 365, 985, 377, 152],
 [786, 75, 353, 917, 33, 281, 119, 477, 546, 931, 320],
 [871, 29, 807, 335, 372, 268, 215, 579, 294, 395, 428],
 [722, 857, 84, 737, 569, 130, 296, 218, 453, 993, 318],
 [980, 963, 628, 715, 471, 934, 623, 980, 828, 887, 288],
 [627, 966, 271, 675, 610, 210, 366, 69, 544, 922, 654],
 [479, 9, 455, 801, 284, 208, 365, 22, 551, 377, 835],
 [562, 946, 176, 360, 977, 206, 279, 412, 751, 931, 389],
 [716, 1000, 395, 305, 123, 573, 813, 687, 696, 699, 145],
 [910, 206, 236, 312, 992, 708, 400, 846, 602, 488, 950],
 [764, 953, 634, 419, 855, 90, 30, 499, 960, 505, 573],
 [1133, 994, 733, 508, 823, 892, 511, 304, 29, 941, 672],
 [876, 886, 193, 882, 265, 849, 743, 811, 780, 54, 469],
 [417, 2, 394, 178, 586, 969, 22, 929, 38, 469, 217],
 [832, 270, 478, 637, 663, 58, 618, 25, 114, 168, 380],
 [518, 209, 169, 291, 383, 531, 979, 130, 887, 198, 63],
 [511, 961, 969, 653, 399, 471, 176, 90, 59, 367, 865],
 [494, 84, 538, 7, 958, 104, 746, 640, 286, 202, 119],
 [1049, 126, 721, 972, 88, 669, 826, 963, 45, 983, 776],
 [1097, 574, 932, 806, 600, 553, 645, 3, 982, 747, 919],
 [614, 177, 157, 175, 427, 249, 278, 411, 809, 633, 436],
 [489, 363, 483, 360, 310, 283, 409, 902, 304, 708, 758],
 [606, 401, 674, 45, 923, 703, 235, 634, 786, 207, 643],
 [790, 44, 760, 253, 78, 443, 804, 228, 652, 368, 642],
 [839, 698, 356, 969, 788, 211, 150, 119, 235, 435, 533],
 [839, 693, 461, 842, 701, 730, 548, 62, 203, 264, 365],
 [676, 126, 118, 161, 765, 669, 503, 686, 624, 838, 917],
 [576, 138, 165, 745, 835, 45, 66, 148, 997, 746, 830],
 [581, 442, 956, 391, 853, 350, 234, 283, 136, 23, 615],
 [676, 825, 532, 817, 197, 697, 716, 444, 323, 301, 535],
 [912, 848, 426, 502, 533, 775, 922, 610, 632, 231, 654],
 [579, 456, 871, 73, 21, 601, 87, 858, 506, 376, 526],
 [594, 804, 718, 439, 184, 383, 267, 561, 721, 626, 246],
 [715, 621, 462, 475, 515, 882, 552, 22, 35, 320, 208],
 [866, 413, 467, 51, 479, 529, 69, 666, 287, 819, 703],
 [727, 275, 902, 321, 773, 888, 152, 834, 313, 853, 874],
 [908, 663, 571, 77, 932, 549, 839, 125, 490, 269, 855],
 [606, 997, 603, 332, 465, 523, 329, 961, 5, 730, 577],
 [1063, 928, 702, 449, 275, 899, 701, 125, 327, 985, 855],
 [734, 679, 545, 118, 581, 849, 485, 351, 670, 590, 391],
 [936, 429, 770, 977, 54, 380, 744, 520, 133, 384, 353],
 [747, 22, 327, 303, 929, 918, 615, 731, 547, 929, 571],
 [665, 963, 929, 395, 789, 318, 920, 650, 492, 158, 934],
 [552, 679, 505, 882, 366, 388, 101, 868, 871, 275, 22],
 [688, 724, 295, 581, 225, 532, 443, 855, 147, 241, 685],
 [1066, 518, 969, 944, 858, 770, 267, 236, 730, 297, 101],
 [561, 791, 398, 164, 642, 173, 997, 636, 71, 309, 12],
 [793, 927, 143, 71, 316, 414, 538, 899, 490, 912, 582],
 [604, 55, 883, 455, 222, 464, 331, 88, 346, 159, 54],
 [1021, 571, 472, 906, 581, 260, 900, 44, 276, 873, 958],
 [930, 198, 467, 458, 343, 949, 880, 486, 284, 5, 671],
 [553, 115, 813, 278, 107, 970, 564, 289, 120, 977, 425],
 [539, 906, 85, 76, 497, 832, 777, 465, 876, 162, 328],
 [486, 765, 474, 987, 260, 461, 294, 155, 26, 413, 450],
 [392, 383, 179, 638, 146, 957, 8, 109, 420, 597, 30],
 [484, 343, 909, 69, 22, 756, 534, 288, 638, 72, 486],
 [791, 175, 540, 919, 857, 662, 292, 225, 165, 358, 835],
 [822, 397, 597, 161, 895, 322, 742, 250, 203, 423, 844],
 [694, 583, 418, 312, 365, 675, 985, 536, 690, 136, 929],
 [739, 142, 300, 218, 76, 180, 26, 859, 55, 517, 556],
 [744, 52, 673, 643, 133, 904, 504, 91, 555, 588, 541],
 [734, 394, 417, 971, 758, 839, 158, 476, 536, 172, 311],
 [886, 223, 627, 421, 982, 628, 904, 624, 702, 153, 516],
 [898, 943, 988, 818, 313, 108, 878, 462, 115, 297, 202],
 [518, 649, 174, 222, 911, 938, 600, 7, 355, 111, 784],
 [779, 760, 92, 264, 677, 697, 889, 532, 859, 528, 429],
 [612, 739, 745, 704, 119, 273, 170, 767, 851, 109, 495],
 [872, 259, 397, 615, 277, 595, 179, 845, 374, 235, 167],
 [586, 338, 266, 722, 746, 561, 211, 279, 384, 982, 120],
 [1093, 623, 947, 824, 67, 789, 669, 293, 650, 449, 859],
 [726, 244, 591, 914, 222, 18, 700, 178, 800, 906, 95],
 [657, 759, 713, 5, 943, 373, 369, 137, 265, 119, 92],
 [857, 953, 280, 986, 379, 512, 728, 313, 418, 727, 138],
 [666, 876, 737, 491, 457, 883, 332, 28, 336, 748, 371],
 [1059, 617, 720, 993, 365, 187, 792, 974, 153, 475, 971],
 [669, 977, 153, 524, 727, 632, 413, 402, 856, 595, 3],
 [557, 248, 618, 617, 473, 322, 537, 785, 79, 502, 558],
 [701, 274, 522, 485, 867, 90, 824, 150, 214, 514, 392],
 [770, 66, 445, 481, 679, 602, 724, 868, 3, 593, 86],
 [885, 588, 658, 155, 734, 463, 541, 256, 208, 151, 118],
 [764, 577, 816, 42, 307, 460, 881, 348, 589, 199, 35],
 [724, 247, 148, 263, 960, 683, 265, 169, 292, 88, 815],
 [762, 280, 291, 757, 399, 988, 426, 140, 866, 441, 551],
 [690, 396, 48, 128, 134, 501, 529, 856, 791, 406, 799],
 [653, 382, 312, 134, 782, 960, 276, 660, 899, 146, 964],
 [533, 174, 954, 893, 33, 645, 457, 307, 657, 241, 578],
 [878, 422, 713, 627, 976, 346, 679, 498, 899, 960, 322],
 [514, 561, 510, 522, 705, 312, 514, 255, 112, 393, 275],
 [890, 319, 61, 569, 331, 841, 899, 207, 962, 615, 934],
 [547, 823, 279, 873, 99, 179, 426, 12, 219, 579, 235],
 [944, 720, 425, 307, 923, 319, 501, 75, 992, 190, 644],
 [885, 460, 778, 955, 99, 659, 511, 423, 469, 54, 413],
 [907, 543, 712, 60, 186, 889, 548, 158, 175, 582, 991],
 [737, 464, 372, 74, 620, 535, 101, 973, 656, 532, 994],
 [792, 469, 662, 774, 756, 245, 846, 574, 567, 677, 401],
 [1115, 618, 852, 150, 806, 722, 908, 396, 596, 435, 804],
 [904, 254, 591, 673, 257, 716, 996, 438, 366, 88, 646],
 [1081, 842, 219, 731, 344, 797, 553, 622, 417, 779, 735],
 [546, 518, 200, 174, 524, 933, 991, 51, 569, 353, 301],
 [616, 267, 720, 132, 761, 963, 41, 845, 117, 221, 948],
 [547, 53, 280, 904, 91, 523, 404, 320, 453, 643, 188],
 [943, 116, 776, 853, 297, 600, 284, 841, 233, 31, 559],
 [668, 556, 511, 618, 797, 299, 185, 717, 211, 356, 388],
 [707, 657, 608, 38, 552, 177, 275, 235, 728, 727, 525],
 [748, 139, 475, 468, 248, 776, 236, 881, 758, 816, 398],
 [926, 800, 498, 372, 359, 325, 605, 743, 833, 696, 238],
 [784, 403, 182, 358, 415, 147, 238, 710, 166, 904, 339],
 [530, 672, 523, 714, 114, 239, 309, 307, 265, 459, 606],
 [747, 177, 570, 957, 240, 700, 106, 233, 154, 956, 415],
 [1145, 511, 101, 75, 973, 529, 974, 821, 761, 887, 873],
 [797, 113, 227, 483, 717, 839, 951, 767, 999, 340, 35],
 [761, 586, 556, 149, 708, 575, 820, 67, 161, 585, 768],
 [705, 655, 834, 931, 840, 634, 616, 340, 837, 56, 368],
 [902, 630, 692, 431, 951, 691, 34, 454, 78, 470, 825],
 [795, 948, 184, 84, 30, 363, 288, 44, 766, 211, 577],
 [615, 177, 378, 445, 993, 776, 181, 23, 955, 419, 386],
 [835, 557, 894, 767, 984, 617, 313, 955, 430, 249, 935],
 [785, 301, 121, 491, 277, 481, 834, 232, 870, 583, 158],
 [926, 990, 978, 884, 437, 398, 696, 401, 967, 919, 126],
 [750, 745, 123, 780, 590, 777, 335, 433, 323, 884, 975],
 [659, 858, 304, 258, 234, 868, 122, 464, 322, 687, 24],
 [1000, 483, 541, 65, 209, 651, 503, 798, 844, 965, 193],
 [712, 473, 132, 544, 896, 113, 74, 879, 459, 897, 535],
 [525, 794, 887, 196, 359, 400, 513, 890, 151, 68, 297],
 [846, 372, 815, 618, 459, 138, 704, 275, 638, 790, 862],
 [463, 563, 558, 796, 224, 58, 247, 104, 491, 437, 479],
 [659, 786, 604, 521, 536, 692, 373, 420, 899, 541, 900],
 [642, 833, 781, 141, 396, 217, 105, 674, 667, 725, 140],
 [801, 756, 712, 359, 198, 516, 773, 758, 905, 134, 303],
 [540, 252, 587, 973, 634, 447, 40, 789, 29, 563, 182],
 [784, 856, 96, 781, 477, 229, 171, 126, 273, 766, 713],
 [932, 57, 744, 607, 169, 312, 585, 345, 517, 962, 850],
 [743, 807, 388, 970, 197, 922, 594, 219, 931, 731, 907],
 [865, 92, 16, 780, 33, 891, 453, 108, 577, 539, 186],
 [602, 906, 873, 650, 375, 528, 300, 638, 39, 831, 350],
 [571, 68, 960, 72, 848, 189, 42, 251, 133, 308, 522],
 [968, 571, 268, 728, 559, 996, 331, 441, 336, 828, 923],
 [866, 322, 410, 858, 948, 530, 564, 229, 894, 94, 669],
 [877, 937, 356, 74, 860, 773, 320, 844, 308, 558, 862],
 [898, 157, 577, 420, 534, 969, 838, 974, 946, 500, 240],
 [645, 400, 303, 585, 192, 850, 206, 153, 610, 355, 26],
 [486, 45, 442, 944, 536, 262, 147, 666, 787, 65, 480],
 [450, 154, 671, 892, 636, 53, 311, 438, 618, 6, 610],
 [870, 769, 939, 431, 424, 332, 399, 499, 740, 416, 123],
 [969, 898, 591, 204, 747, 946, 153, 403, 114, 777, 204],
 [594, 968, 770, 713, 331, 796, 6, 988, 66, 908, 196],
 [641, 370, 146, 401, 494, 474, 689, 600, 209, 827, 612],
 [641, 984, 430, 772, 491, 269, 272, 798, 374, 702, 337],
 [524, 248, 631, 711, 632, 260, 166, 558, 684, 840, 272],
 [592, 739, 329, 928, 176, 729, 585, 64, 175, 176, 430],
 [740, 999, 625, 641, 257, 849, 596, 242, 73, 308, 67],
 [681, 471, 107, 851, 254, 270, 855, 662, 399, 250, 514],
 [1066, 766, 782, 256, 102, 807, 936, 796, 149, 909, 727],
 [912, 688, 486, 938, 114, 891, 789, 166, 660, 917, 750],
 [775, 138, 467, 329, 827, 160, 504, 804, 178, 511, 777],
 [759, 690, 259, 405, 577, 165, 63, 690, 813, 879, 823],
 [544, 859, 240, 539, 223, 650, 746, 18, 942, 467, 330],
 [714, 562, 285, 1, 921, 23, 757, 765, 226, 358, 46]]