PSO 5x100

Fitness list: 
[15068, 14832, 14799, 14719, 14947, 14642, 15295, 15154, 14826, 14447, 14887, 15512, 14540, 15057, 14555, 15312, 14973, 15360, 14794, 14809, 15324, 14867, 15245, 14766, 15397, 14685, 14807, 15091, 15002, 15440, 14161, 15405, 15412, 14974, 14681, 15389, 15626, 15077, 15245, 14846, 15319, 15338, 15526, 15109, 15499, 15590, 15151, 15467, 15080, 15593, 14607, 14782, 14354, 15151, 14644, 15087, 15369, 15581, 15075, 15077, 14973, 15414, 14886, 15087, 14677, 15247, 15340, 15252, 14937, 14802, 15163, 15353, 14896, 14706, 15574, 15189, 15685, 15321, 13840, 14788, 15557, 15267, 15433, 14998, 14987, 15402, 15337, 14793, 15407, 15057, 15289, 15017, 15429, 15619, 15398, 15046, 15347, 15545, 15603, 14668]

('alg_std = ', 348.83525968571473)
('best_fitness = ', 15685)
('least_err = ', 59)
('mean_abs_diff = ', 588.04)
('mean_abs_per_err = ', 0.03749059611093401)
('success_rate = ', 0.01)
('worst_fitness = ', 13840)

('diff_list = ', [617, 853, 886, 966, 738, 1043, 390, 531, 859, 1238, 798, 173, 1145, 628, 1130, 373, 712, 325, 891, 876, 361, 818, 440, 919, 288, 1000, 878, 594, 683, 245, 1524, 280, 273, 711, 1004, 296, 59, 608, 440, 839, 366, 347, 159, 576, 186, 95, 534, 218, 605, 92, 1078, 903, 1331, 534, 1041, 598, 316, 104, 610, 608, 712, 271, 799, 598, 1008, 438, 345, 433, 748, 883, 522, 332, 789, 979, 111, 496, 0, 364, 1845, 897, 128, 418, 252, 687, 698, 283, 348, 892, 278, 628, 396, 668, 256, 66, 287, 639, 338, 140, 82, 1017])


PSO 5x250

Fitness list: 
[31559, 34276, 34441, 34750, 34553, 34242, 34746, 34954, 35260, 34473, 32764, 32938, 33571, 35302, 33689, 33931, 33917, 33728, 35111, 31711, 36411, 33933, 33575, 34931, 31890, 33465, 33551, 33244, 33504, 33515, 35069, 33616, 34060, 33764, 34518, 34820, 35837, 35344, 34712, 32942, 34361, 34369, 32943, 34274, 33484, 35627, 33336, 33182, 34315, 33832, 34093, 34050, 33914, 33359, 30904, 34772, 34667, 33662, 34643, 33449, 33303, 34864, 33661, 35765, 32937, 31944, 33748, 33103, 33516, 32636, 35172, 33503, 33892, 32512, 34237, 34068, 33924, 35647, 33198, 35036, 33185, 33885, 33929, 32470, 34416, 34775, 32424, 33318, 32253, 33942, 33655, 34718, 31992, 35066, 34733, 33915, 34075, 34467, 32605, 31694]

('alg_std = ', 1021.7910894111379)
('best_fitness = ', 36411)
('capacities = ', [29562, 30027, 32082, 31340, 29959])
('diff_list = ', [4852, 2135, 1970, 1661, 1858, 2169, 1665, 1457, 1151, 1938, 3647, 3473, 2840, 1109, 2722, 2480, 2494, 2683, 1300, 4700, 0, 2478, 2836, 1480, 4521, 2946, 2860, 3167, 2907, 2896, 1342, 2795, 2351, 2647, 1893, 1591, 574, 1067, 1699, 3469, 2050, 2042, 3468, 2137, 2927, 784, 3075, 3229, 2096, 2579, 2318, 2361, 2497, 3052, 5507, 1639, 1744, 2749, 1768, 2962, 3108, 1547, 2750, 646, 3474, 4467, 2663, 3308, 2895, 3775, 1239, 2908, 2519, 3899, 2174, 2343, 2487, 764, 3213, 1375, 3226, 2526, 2482, 3941, 1995, 1636, 3987, 3093, 4158, 2469, 2756, 1693, 4419, 1345, 1678, 2496, 2336, 1944, 3806, 4717])
('least_err = ', 574)
('mean_abs_diff = ', 2530.64)
('mean_abs_per_err = ', 0.06950207354920217)
('success_rate = ', 0.01)
('worst_fitness = ', 30904)

PSO 10x100

Fitness list: 
[14524, 15476, 15475, 15512, 16067, 15835, 15485, 16266, 15875, 16056, 15753, 15994, 16287, 15450, 15756, 15331, 15593, 15613, 15793, 15667, 14545, 15951, 15325, 15570, 15306, 15534, 15378, 15830, 15739, 15218, 16053, 15696, 15176, 15348, 15768, 15510, 15534, 14420, 16054, 15968, 15391, 15628, 15577, 15608, 15924, 15854, 15029, 15528, 15667, 15022, 15992, 15922, 15754, 15247, 16172, 15065, 15829, 15331, 15406, 14869, 16148, 15708, 16056, 16255, 15460, 15576, 15534, 14811, 15620, 15632, 15038, 15522, 15494, 15944, 15882, 15481, 15245, 14887, 15710, 14978, 15852, 14808, 16021, 15453, 15509, 15395, 15984, 15550, 16114, 15147, 15962, 15763, 15879, 15039, 15825, 15603, 15005, 15622, 15760, 15826]

('alg_std = ', 390.34869847355708)
('best_fitness = ', 16287)
('capacities = ', [13640, 12048, 12574, 13915, 13232, 12190, 12242, 12394, 12258, 10960])
('diff_list = ', [1763, 811, 812, 775, 220, 452, 802, 21, 412, 231, 534, 293, 0, 837, 531, 956, 694, 674, 494, 620, 1742, 336, 962, 717, 981, 753, 909, 457, 548, 1069, 234, 591, 1111, 939, 519, 777, 753, 1867, 233, 319, 896, 659, 710, 679, 363, 433, 1258, 759, 620, 1265, 295, 365, 533, 1040, 115, 1222, 458, 956, 881, 1418, 139, 579, 231, 32, 827, 711, 753, 1476, 667, 655, 1249, 765, 793, 343, 405, 806, 1042, 1400, 577, 1309, 435, 1479, 266, 834, 778, 892, 303, 737, 173, 1140, 325, 524, 408, 1248, 462, 684, 1282, 665, 527, 461])
('least_err = ', 21)
('mean_abs_diff = ', 710.56)
('mean_abs_per_err = ', 0.0436274329219623)
('success_rate = ', 0.01)
('worst_fitness = ', 14420)

PSO 10x250

Fitness list: 
[36112, 34161, 35835, 34263, 33571, 36224, 34296, 33324, 35433, 36170, 35630, 36853, 33795, 34185, 35877, 34557, 36931, 35174, 34595, 34236, 35985, 35162, 35536, 35203, 34530, 36311, 35884, 34754, 36391, 33827, 35454, 34079, 35104, 35386, 33984, 34762, 35551, 35004, 34323, 35176, 36241, 34572, 33520, 36543, 35230, 33676, 34766, 33951, 35007, 34790, 34657, 35864, 34799, 36130, 32983, 35592, 32926, 35525, 35087, 33720, 34700, 32872, 33292, 33426, 35889, 35381, 34855, 35024, 35349, 35485, 35010, 33275, 35527, 34781, 35262, 36149, 34888, 34989, 33440, 36811, 35906, 33371, 36037, 35099, 35277, 33826, 34925, 34498, 35397, 35915, 34122, 34566, 34496, 36070, 35952, 33539, 33858, 35178, 37104, 34546]

('alg_std = ', 978.74499048526422)
('best_fitness = ', 37104)
('capacities = ', [31985, 30902, 31096, 31684, 31802, 31439, 29603, 30621, 32059, 31345])
('diff_list = ', [992, 2943, 1269, 2841, 3533, 880, 2808, 3780, 1671, 934, 1474, 251, 3309, 2919, 1227, 2547, 173, 1930, 2509, 2868, 1119, 1942, 1568, 1901, 2574, 793, 1220, 2350, 713, 3277, 1650, 3025, 2000, 1718, 3120, 2342, 1553, 2100, 2781, 1928, 863, 2532, 3584, 561, 1874, 3428, 2338, 3153, 2097, 2314, 2447, 1240, 2305, 974, 4121, 1512, 4178, 1579, 2017, 3384, 2404, 4232, 3812, 3678, 1215, 1723, 2249, 2080, 1755, 1619, 2094, 3829, 1577, 2323, 1842, 955, 2216, 2115, 3664, 293, 1198, 3733, 1067, 2005, 1827, 3278, 2179, 2606, 1707, 1189, 2982, 2538, 2608, 1034, 1152, 3565, 3246, 1926, 0, 2558])
('least_err = ', 173)
('mean_abs_diff = ', 2151.06)
('mean_abs_per_err = ', 0.057973803363518754)
('success_rate = ', 0.01)
('worst_fitness = ', 32872)