OR5x100-0.25_1.dat

alg_std 7203.61756966
best_fitness 21700
capacities [11927, 13727, 11551, 13056, 13460]

diff_list [29798, 14784, 12243, 1214, 15159, 22169, 21191, 11521, 15160, 22259, 20519, 19373, 19358, 20747, 18800, 14716, 6221, 7921, 1003, 22974, 18405, 14758, 16012, 10058, 20375, 7897, 12410, 8903, 17901, 20482, 17357, 2212, 2570, 9140, 13145, 1333, 4628, 15153, 17830, 1719, 13194, 19238, 18995, 22228, 15008, 18314, 25678, 2956, 12457, 12279, 14698, 8137, 200, 17441, 10837, 2377, 14804, 1309, 8122, 18916, 14121, 8373, 28680, 16782, 2698, 13147, 6886, 21397, 0, 11945, 20077, 14542, 14791, 1673, 6652, 7177, 17135, 21765, 20778, 16734, 12876, 2380, 23748, 13384, 12951, 6039, 35839, 15041, 16661, 16511, 15233, 20665, 18550, 19420, 9725, 8707, 13348, 17530, 13212, 4272]

fitness_list [-8098, 6916, 9457, 20486, 6541, -469, 509, 10179, 6540, -559, 1181, 2327, 2342, 953, 2900, 6984, 15479, 13779, 20697, -1274, 3295, 6942, 5688, 11642, 1325, 13803, 9290, 12797, 3799, 1218, 4343, 19488, 19130, 12560, 8555, 20367, 17072, 6547, 3870, 19981, 8506, 2462, 2705, -528, 6692, 3386, -3978, 18744, 9243, 9421, 7002, 13563, 21500, 4259, 10863, 19323, 6896, 20391, 13578, 2784, 7579, 13327, -6980, 4918, 19002, 8553, 14814, 303, 21700, 9755, 1623, 7158, 6909, 20027, 15048, 14523, 4565, -65, 922, 4966, 8824, 19320, -2048, 8316, 8749, 15661, -14139, 6659, 5039, 5189, 6467, 1035, 3150, 2280, 11975, 12993, 8352, 4170, 8488, 17428]

least_err 200
mean_abs_diff 13680.51
mean_abs_per_err 0.630438248848
succes_rate 0.01
worst_fitness -14139


OR10x100-0.25_1.dat

alg_std 10190.9083414
best_fitness 35104
capacities [13640, 12048, 12574, 13915, 13232, 12190, 12242, 12394, 12258, 10960]

diff_list [33583, 14282, 0, 11182, 17994, 11389, 18245, 5358, 12119, 19709, 11848, 23221, 18163, 14729, 10169, 17685, 16618, 11551, 13220, 30838, 44775, 6976, 10844, 8784, 9466, 13697, 34771, 8248, 28644, 38627, 24162, 8081, 13974, 15197, 8374, 25462, 15140, 27054, 19208, 8524, 5538, 19373, 1824, 21057, 1772, 7683, 2362, 22196, 27134, 27271, 28184, 20243, 11611, 21060, 20441, 8173, 5302, 10045, 17557, 14663, 32024, 26843, 53049, 14494, 21308, 42754, 32291, 21775, 13681, 14310, 3505, 13252, 8139, 4096, 4721, 15639, 2893, 4436, 7137, 3268, 29406, 17099, 9959, 30368, 23642, 21509, 34407, 15122, 9651, 15146, 15645, 24380, 13974, 3438, 5518, 12439, 15705, 16314, 24889, 19883]

fitness_list [1521, 20822, 35104, 23922, 17110, 23715, 16859, 29746, 22985, 15395, 23256, 11883, 16941, 20375, 24935, 17419, 18486, 23553, 21884, 4266, -9671, 28128, 24260, 26320, 25638, 21407, 333, 26856, 6460, -3523, 10942, 27023, 21130, 19907, 26730, 9642, 19964, 8050, 15896, 26580, 29566, 15731, 33280, 14047, 33332, 27421, 32742, 12908, 7970, 7833, 6920, 14861, 23493, 14044, 14663, 26931, 29802, 25059, 17547, 20441, 3080, 8261, -17945, 20610, 13796, -7650, 2813, 13329, 21423, 20794, 31599, 21852, 26965, 31008, 30383, 19465, 32211, 30668, 27967, 31836, 5698, 18005, 25145, 4736, 11462, 13595, 697, 19982, 25453, 19958, 19459, 10724, 21130, 31666, 29586, 22665, 19399, 18790, 10215, 15221]

least_err 1772
mean_abs_diff 16735.09
mean_abs_per_err 0.476728862808
succes_rate 0.01
worst_fitness -17945


OR5x250-0.25_1.dat

alg_std 12072.510395518406
best_fitness -18220
capacities [29562, 30027, 32082, 31340, 29959]

diff_list [30772, 52793, 41368, 27125, 9696, 16898, 19386, 0, 15950, 15505, 32082, 30439, 44573, 17453, 34829, 14843, 35380, 34753, 42658, 4410, 24108, 20181, 19806, 59356, 13545, 40063, 39758, 55680, 21994, 39747, 31736, 35765, 13377, 28716, 22613, 18859, 40565, 38604, 43326, 43614, 24024, 30468, 16508, 24610, 24562, 42563, 28499, 8712, 35802, 9990, 29281, 35584, 20462, 32377, 32540, 35410, 31834, 20687, 25860, 38167, 13964, 56927, 23411, 29074, 18170, 28041, 29444, 27011, 42303, 44898, 20121, 20074, 41066, 32335, 35851, 26361, 20210, 22552, 20272, 29567, 27254, 41196, 36814, 45779, 34955, 26475, 5813, 32928, 44534, 10950, 10986, 31712, 30270, 23139, 41188, 51592, 38119, 27823, 44348, 46456]

fitness_list [-48992, -71013, -59588, -45345, -27916, -35118, -37606, -18220, -34170, -33725, -50302, -48659, -62793, -35673, -53049, -33063, -53600, -52973, -60878, -22630, -42328, -38401, -38026, -77576, -31765, -58283, -57978, -73900, -40214, -57967, -49956, -53985, -31597, -46936, -40833, -37079, -58785, -56824, -61546, -61834, -42244, -48688, -34728, -42830, -42782, -60783, -46719, -26932, -54022, -28210, -47501, -53804, -38682, -50597, -50760, -53630, -50054, -38907, -44080, -56387, -32184, -75147, -41631, -47294, -36390, -46261, -47664, -45231, -60523, -63118, -38341, -38294, -59286, -50555, -54071, -44581, -38430, -40772, -38492, -47787, -45474, -59416, -55034, -63999, -53175, -44695, -24033, -51148, -62754, -29170, -29206, -49932, -48490, -41359, -59408, -69812, -56339, -46043, -62568, -64676]

least_err 4410
mean_abs_diff 29542.49
mean_abs_per_err -1.62143194292
succes_rate 0.01
worst_fitness -77576


OR10x250-0.25_1.dat

alg_std 21949.791714
best_fitness -2861
capacities [31985, 30902, 31096, 31684, 31802, 31439, 29603, 30621, 32059, 31345]

diff_list [53781, 76425, 96188, 53527, 52295, 91963, 95974, 74313, 77510, 83954, 67877, 76330, 93550, 49418, 36035, 75364, 86680, 101545, 87064, 68262, 30541, 88945, 98291, 85269, 97166, 69332, 70395, 75424, 99871, 79620, 68934, 105705, 68527, 113062, 91903, 107026, 62943, 71240, 51816, 88700, 48730, 93698, 72166, 90434, 89040, 76405, 59121, 73840, 71495, 105872, 58595, 82638, 71773, 88193, 119490, 70351, 81551, 33105, 55469, 0, 76224, 45567, 105845, 112688, 74987, 67874, 46520, 41805, 87224, 84828, 65634, 96161, 124295, 79501, 91647, 86416, 104586, 73646, 61155, 54911, 80613, 76931, 51417, 69271, 3907, 75666, 70793, 65079, 79495, 87984, 72598, 74271, 104803, 75306, 62041, 107812, 50879, 46656, 95574, 76380]

fitness_list [-56642, -79286, -99049, -56388, -55156, -94824, -98835, -77174, -80371, -86815, -70738, -79191, -96411, -52279, -38896, -78225, -89541, -104406, -89925, -71123, -33402, -91806, -101152, -88130, -100027, -72193, -73256, -78285, -102732, -82481, -71795, -108566, -71388, -115923, -94764, -109887, -65804, -74101, -54677, -91561, -51591, -96559, -75027, -93295, -91901, -79266, -61982, -76701, -74356, -108733, -61456, -85499, -74634, -91054, -122351, -73212, -84412, -35966, -58330, -2861, -79085, -48428, -108706, -115549, -77848, -70735, -49381, -44666, -90085, -87689, -68495, -99022, -127156, -82362, -94508, -89277, -107447, -76507, -64016, -57772, -83474, -79792, -54278, -72132, -6768, -78527, -73654, -67940, -82356, -90845, -75459, -77132, -107664, -78167, -64902, -110673, -53740, -49517, -98435, -79241]

least_err 3907
mean_abs_diff 75737.21
mean_abs_per_err -26.472285914
succes_rate 0.01
worst_fitness -127156
