filename = 'C:\Users\Patrick\Desktop\Triforce\Dataset\OR5x100\OR5x100-0.25_1.dat'

('alg_std = ', 635.18442865045108)
('best_fitness = ', 12858)
('capacities = ', [11927, 13727, 11551, 13056, 13460])
('diff_list = ', [3068, 2937, 222, 2206, 2757, 2017, 2113, 2296, 2628, 2213, 2756, 3201, 2143, 2616, 3071, 2710, 3191, 2470, 2871, 2861, 3084, 2840, 2540, 2572, 2454, 1902, 2308, 2826, 1740, 2694, 1605, 2256, 2364, 2377, 2140, 2699, 1924, 1633, 2075, 2520, 2303, 2764, 844, 2554, 1511, 2731, 2764, 1936, 2209, 2816, 3197, 2825, 2979, 1995, 2690, 3297, 2364, 2869, 2980, 2880, 2458, 1847, 2809, 2052, 2988, 2709, 246, 2885, 1544, 2979, 2821, 1975, 2051, 2595, 2176, 2226, 0, 2927, 2656, 2703, 3260, 3142, 2488, 2529, 2002, 2670, 2492, 2718, 2958, 3360, 2441, 3454, 3177, 2588, 2459, 3418, 1409, 1838, 3424, 2622])
('fitness_list = ', [9790, 9921, 12636, 10652, 10101, 10841, 10745, 10562, 10230, 10645, 10102, 9657, 10715, 10242, 9787, 10148, 9667, 10388, 9987, 9997, 9774, 10018, 10318, 10286, 10404, 10956, 10550, 10032, 11118, 10164, 11253, 10602, 10494, 10481, 10718, 10159, 10934, 11225, 10783, 10338, 10555, 10094, 12014, 10304, 11347, 10127, 10094, 10922, 10649, 10042, 9661, 10033, 9879, 10863, 10168, 9561, 10494, 9989, 9878, 9978, 10400, 11011, 10049, 10806, 9870, 10149, 12612, 9973, 11314, 9879, 10037, 10883, 10807, 10263, 10682, 10632, 12858, 9931, 10202, 10155, 9598, 9716, 10370, 10329, 10856, 10188, 10366, 10140, 9900, 9498, 10417, 9404, 9681, 10270, 10399, 9440, 11449, 11020, 9434, 10236])
('least_err = ', 222)
('mean_abs_diff = ', 2465.04)
('mean_abs_per_err = ', 0.19171255249650024)
('success_rate = ', 0.01)
('worst_fitness = ', 9404)


filename = 'C:\Users\Patrick\Desktop\Triforce\Dataset\OR5x250\OR5x250-0.25_1.dat'

('alg_std = ', 1062.5484269434501)
('best_fitness = ', 24368)
('capacities = ', [29562, 30027, 32082, 31340, 29959])
('diff_list = ', [3247, 3864, 3551, 3600, 2521, 1966, 2899, 1271, 3705, 1964, 2688, 2111, 2958, 3407, 817, 1369, 2669, 1710, 1640, 3975, 3792, 4113, 4006, 731, 4428, 3808, 2989, 2194, 2104, 1071, 2899, 4180, 2546, 2480, 757, 3849, 4354, 2175, 3851, 1733, 2017, 1931, 710, 1234, 2174, 3175, 2950, 3369, 3916, 3134, 2161, 3926, 1216, 3239, 3071, 4064, 2338, 2655, 2931, 2593, 3324, 2850, 3568, 1914, 1294, 2709, 2474, 1621, 3291, 2222, 3776, 903, 1418, 1027, 3210, 1350, 2409, 4210, 1031, 2367, 1749, 3651, 0, 3962, 2396, 300, 4095, 2914, 2580, 2561, 3760, 3781, 1419, 3673, 2256, 4310, 1486, 2400, 2653, 1492])
('fitness_list = ', [21121, 20504, 20817, 20768, 21847, 22402, 21469, 23097, 20663, 22404, 21680, 22257, 21410, 20961, 23551, 22999, 21699, 22658, 22728, 20393, 20576, 20255, 20362, 23637, 19940, 20560, 21379, 22174, 22264, 23297, 21469, 20188, 21822, 21888, 23611, 20519, 20014, 22193, 20517, 22635, 22351, 22437, 23658, 23134, 22194, 21193, 21418, 20999, 20452, 21234, 22207, 20442, 23152, 21129, 21297, 20304, 22030, 21713, 21437, 21775, 21044, 21518, 20800, 22454, 23074, 21659, 21894, 22747, 21077, 22146, 20592, 23465, 22950, 23341, 21158, 23018, 21959, 20158, 23337, 22001, 22619, 20717, 24368, 20406, 21972, 24068, 20273, 21454, 21788, 21807, 20608, 20587, 22949, 20695, 22112, 20058, 22882, 21968, 21715, 22876])
('least_err = ', 300)
('mean_abs_diff = ', 2612.02)
('mean_abs_per_err = ', 0.10719057780695995)
('success_rate = ', 0.01)
('worst_fitness = ', 19940)


filename = 'C:\Users\Patrick\Desktop\Triforce\Dataset\OR10x100\OR10x100-0.25_1.dat'

('alg_std = ', 657.6459603008293)
('best_fitness = ', 12021)
('capacities = ', [13640, 12048, 12574, 13915, 13232, 12190, 12242, 12394, 12258, 10960])
('diff_list = ', [1882, 1192, 2452, 1570, 1950, 1580, 2597, 2138, 1246, 524, 2114, 1679, 2342, 1791, 2244, 1503, 1912, 1970, 1652, 2258, 1358, 1280, 2006, 754, 2507, 231, 1832, 1913, 1893, 1516, 2843, 1272, 2801, 2464, 1300, 2103, 1324, 2091, 2826, 1515, 1747, 1439, 461, 1974, 1688, 1164, 1249, 1822, 1218, 1799, 2857, 2658, 1947, 1996, 2276, 1327, 2519, 1256, 1655, 1472, 1958, 1058, 1976, 1651, 2632, 1897, 2647, 752, 2429, 976, 2228, 1869, 336, 2192, 1835, 2362, 1555, 586, 1268, 2215, 1957, 1969, 2724, 0, 1925, 1570, 1126, 137, 1323, 1423, 1753, 3007, 894, 712, 851, 2135, 2471, 1590, 2384, 525])
('fitness_list = ', [10139, 10829, 9569, 10451, 10071, 10441, 9424, 9883, 10775, 11497, 9907, 10342, 9679, 10230, 9777, 10518, 10109, 10051, 10369, 9763, 10663, 10741, 10015, 11267, 9514, 11790, 10189, 10108, 10128, 10505, 9178, 10749, 9220, 9557, 10721, 9918, 10697, 9930, 9195, 10506, 10274, 10582, 11560, 10047, 10333, 10857, 10772, 10199, 10803, 10222, 9164, 9363, 10074, 10025, 9745, 10694, 9502, 10765, 10366, 10549, 10063, 10963, 10045, 10370, 9389, 10124, 9374, 11269, 9592, 11045, 9793, 10152, 11685, 9829, 10186, 9659, 10466, 11435, 10753, 9806, 10064, 10052, 9297, 12021, 10096, 10451, 10895, 11884, 10698, 10598, 10268, 9014, 11127, 11309, 11170, 9886, 9550, 10431, 9637, 11496])
('least_err = ', 137)
('mean_abs_diff = ', 1718.47)
('mean_abs_per_err = ', 0.14295566092671158)
('success_rate = ', 0.01)
('worst_fitness = ', 9014)


filename = 'C:\Users\Patrick\Desktop\Triforce\Dataset\OR10x250\OR10x250-0.25_1.dat'

('alg_std = ', 1062.7290094374953)
('best_fitness = ', 25868)
('capacities = ', [31985, 30902, 31096, 31684, 31802, 31439, 29603, 30621, 32059, 31345])
('diff_list = ', [2205, 2552, 1282, 3464, 2889, 1647, 1217, 2558, 2651, 301, 3244, 1743, 3382, 3283, 2102, 3165, 2522, 2810, 0, 3908, 3491, 1394, 1896, 2071, 3759, 3018, 2069, 2081, 2555, 3324, 1745, 3848, 2087, 3760, 204, 1030, 413, 1678, 2073, 1133, 2067, 1565, 1552, 3352, 2234, 2013, 3306, 2246, 1538, 2176, 1275, 1824, 1803, 2692, 1715, 1409, 3347, 4441, 1771, 1845, 2856, 1365, 2375, 3094, 1366, 3752, 2235, 4823, 3246, 4420, 3976, 4367, 2132, 3754, 2300, 2508, 4202, 646, 3871, 2698, 3057, 2037, 719, 1963, 204, 2202, 1600, 2264, 2205, 2484, 2722, 214, 970, 1361, 2561, 2410, 3980, 1139, 1304, 1238])
('fitness_list = ', [23663, 23316, 24586, 22404, 22979, 24221, 24651, 23310, 23217, 25567, 22624, 24125, 22486, 22585, 23766, 22703, 23346, 23058, 25868, 21960, 22377, 24474, 23972, 23797, 22109, 22850, 23799, 23787, 23313, 22544, 24123, 22020, 23781, 22108, 25664, 24838, 25455, 24190, 23795, 24735, 23801, 24303, 24316, 22516, 23634, 23855, 22562, 23622, 24330, 23692, 24593, 24044, 24065, 23176, 24153, 24459, 22521, 21427, 24097, 24023, 23012, 24503, 23493, 22774, 24502, 22116, 23633, 21045, 22622, 21448, 21892, 21501, 23736, 22114, 23568, 23360, 21666, 25222, 21997, 23170, 22811, 23831, 25149, 23905, 25664, 23666, 24268, 23604, 23663, 23384, 23146, 25654, 24898, 24507, 23307, 23458, 21888, 24729, 24564, 24630])
('least_err = ', 204)
('mean_abs_diff = ', 2313.45)
('mean_abs_per_err = ', 0.08943289005721354)
('success_rate = ', 0.01)
('worst_fitness = ', 21045)