OR5x100-0.25_1.dat

alg_std 671.171463264
best_fitness -9110.0
capacity [11927, 13727, 11551, 13056, 13460]
diff_list [1124.0, 0.0, 3078.0, 1755.0, 1386.0, 2898.0, 2491.0, 2364.0, 2620.0, 1768.0, 1827.0, 1577.0, 1696.0, 1601.0, 2340.0, 1543.0, 2388.0, 2018.0, 925.0, 1493.0, 1270.0, 1792.0, 1451.0, 2789.0, 2528.0, 1927.0, 2287.0, 2824.0, 1722.0, 2718.0, 2231.0, 2960.0, 628.0, 2071.0, 2649.0, 2573.0, 1573.0, 2904.0, 2481.0, 976.0, 1487.0, 1913.0, 2806.0, 2030.0, 2644.0, 2867.0, 1041.0, 1447.0, 2617.0, 1532.0, 2855.0, 2342.0, 2161.0, 1879.0, 2156.0, 2142.0, 1888.0, 2181.0, 690.0, 1883.0, 527.0, 2127.0, 1203.0, 1944.0, 1657.0, 2632.0, 2341.0, 2188.0, 253.0, 2682.0, 2314.0, 2730.0, 2239.0, 1939.0, 1598.0, 2542.0, 1817.0, 2102.0, 1368.0, 1949.0, 590.0, 2087.0, 2042.0, 2071.0, 2291.0, 1588.0, 2515.0, 1821.0, 1904.0, 3160.0, 1511.0, 2033.0, 1645.0, 966.0, 2696.0, 2744.0, 3633.0, 1566.0, 2563.0, 2952.0]

fitness_list [-10234.0, -9110.0, -12188.0, -10865.0, -10496.0, -12008.0, -11601.0, -11474.0, -11730.0, -10878.0, -10937.0, -10687.0, -10806.0, -10711.0, -11450.0, -10653.0, -11498.0, -11128.0, -10035.0, -10603.0, -10380.0, -10902.0, -10561.0, -11899.0, -11638.0, -11037.0, -11397.0, -11934.0, -10832.0, -11828.0, -11341.0, -12070.0, -9738.0, -11181.0, -11759.0, -11683.0, -10683.0, -12014.0, -11591.0, -10086.0, -10597.0, -11023.0, -11916.0, -11140.0, -11754.0, -11977.0, -10151.0, -10557.0, -11727.0, -10642.0, -11965.0, -11452.0, -11271.0, -10989.0, -11266.0, -11252.0, -10998.0, -11291.0, -9800.0, -10993.0, -9637.0, -11237.0, -10313.0, -11054.0, -10767.0, -11742.0, -11451.0, -11298.0, -9363.0, -11792.0, -11424.0, -11840.0, -11349.0, -11049.0, -10708.0, -11652.0, -10927.0, -11212.0, -10478.0, -11059.0, -9700.0, -11197.0, -11152.0, -11181.0, -11401.0, -10698.0, -11625.0, -10931.0, -11014.0, -12270.0, -10621.0, -11143.0, -10755.0, -10076.0, -11806.0, -11854.0, -12743.0, -10676.0, -11673.0, -12062.0]

least_err 253.0
mean_abs_diff 2003.37
mean_abs_per_err -0.219908891328
succes_rate 0.01
worst_fitness -12743.0


OR5x250-0.25_1.dat

alg_std 633.881138385
best_fitness -13952.0
capacities [29562, 30027, 32082, 31340, 29959]

diff_list [0.0, 1905.0, 3064.0, 2024.0, 2245.0, 2663.0, 2020.0, 2675.0, 2784.0, 2835.0, 1346.0, 2159.0, 2159.0, 3059.0, 1590.0, 2211.0, 2227.0, 2281.0, 3165.0, 1943.0, 2969.0, 2452.0, 1924.0, 2055.0, 3046.0, 698.0, 1330.0, 2050.0, 2171.0, 2447.0, 1619.0, 1621.0, 3061.0, 2091.0, 2553.0, 1991.0, 2638.0, 2431.0, 2917.0, 2571.0, 1259.0, 2735.0, 2470.0, 2355.0, 2666.0, 2256.0, 2986.0, 1353.0, 2581.0, 2355.0, 2581.0, 1377.0, 2770.0, 2834.0, 2199.0, 1806.0, 1864.0, 2062.0, 1923.0, 2525.0, 3235.0, 2227.0, 1801.0, 1706.0, 2236.0, 2515.0, 1782.0, 2085.0, 2569.0, 630.0, 2178.0, 3264.0, 2195.0, 2589.0, 2978.0, 819.0, 2622.0, 2488.0, 1846.0, 3142.0, 3180.0, 1740.0, 2267.0, 1907.0, 3051.0, 2100.0, 2845.0, 1823.0, 1902.0, 2050.0, 3251.0, 2677.0, 2044.0, 2269.0, 3028.0, 3199.0, 2782.0, 3356.0, 1106.0, 3237.0]

fitness_list [-13952.0, -15857.0, -17016.0, -15976.0, -16197.0, -16615.0, -15972.0, -16627.0, -16736.0, -16787.0, -15298.0, -16111.0, -16111.0, -17011.0, -15542.0, -16163.0, -16179.0, -16233.0, -17117.0, -15895.0, -16921.0, -16404.0, -15876.0, -16007.0, -16998.0, -14650.0, -15282.0, -16002.0, -16123.0, -16399.0, -15571.0, -15573.0, -17013.0, -16043.0, -16505.0, -15943.0, -16590.0, -16383.0, -16869.0, -16523.0, -15211.0, -16687.0, -16422.0, -16307.0, -16618.0, -16208.0, -16938.0, -15305.0, -16533.0, -16307.0, -16533.0, -15329.0, -16722.0, -16786.0, -16151.0, -15758.0, -15816.0, -16014.0, -15875.0, -16477.0, -17187.0, -16179.0, -15753.0, -15658.0, -16188.0, -16467.0, -15734.0, -16037.0, -16521.0, -14582.0, -16130.0, -17216.0, -16147.0, -16541.0, -16930.0, -14771.0, -16574.0, -16440.0, -15798.0, -17094.0, -17132.0, -15692.0, -16219.0, -15859.0, -17003.0, -16052.0, -16797.0, -15775.0, -15854.0, -16002.0, -17203.0, -16629.0, -15996.0, -16221.0, -16980.0, -17151.0, -16734.0, -17308.0, -15058.0, -17189.0]

least_err 630.0
mean_abs_diff 2286.68
mean_abs_per_err -0.163896215596
succes_rate 0.01
worst_fitness -17308.0


OR10x100-0.25_1.dat


alg_std 1100.17181072
best_fitness -9783.0
capacities [13640, 12048, 12574, 13915, 13232, 12190, 12242, 12394, 12258, 10960]
diff_list [2662.0, 3716.0, 2708.0, 1807.0, 4912.0, 3943.0, 3919.0, 3726.0, 4407.0, 2568.0, 878.0, 2957.0, 3021.0, 3808.0, 5373.0, 298.0, 3741.0, 3853.0, 1315.0, 2099.0, 2903.0, 3435.0, 3015.0, 3911.0, 3500.0, 1680.0, 2063.0, 3205.0, 2060.0, 2946.0, 3228.0, 5095.0, 4643.0, 4063.0, 5094.0, 1374.0, 3870.0, 2759.0, 4343.0, 3024.0, 3465.0, 2972.0, 3659.0, 3276.0, 3353.0, 3207.0, 4126.0, 3377.0, 2457.0, 4435.0, 2147.0, 3756.0, 0.0, 2120.0, 3379.0, 3823.0, 3068.0, 2803.0, 3053.0, 3053.0, 3576.0, 3113.0, 2411.0, 3528.0, 2487.0, 1125.0, 4456.0, 3020.0, 3311.0, 3139.0, 2935.0, 4354.0, 4158.0, 3421.0, 3007.0, 4310.0, 3461.0, 4569.0, 5281.0, 322.0, 2659.0, 4910.0, 2250.0, 3958.0, 3873.0, 3944.0, 615.0, 4452.0, 2494.0, 4305.0, 2895.0, 4189.0, 2212.0, 2306.0, 3461.0, 2238.0, 2499.0, 3855.0, 5133.0, 2804.0]

fitness_list [-12445.0, -13499.0, -12491.0, -11590.0, -14695.0, -13726.0, -13702.0, -13509.0, -14190.0, -12351.0, -10661.0, -12740.0, -12804.0, -13591.0, -15156.0, -10081.0, -13524.0, -13636.0, -11098.0, -11882.0, -12686.0, -13218.0, -12798.0, -13694.0, -13283.0, -11463.0, -11846.0, -12988.0, -11843.0, -12729.0, -13011.0, -14878.0, -14426.0, -13846.0, -14877.0, -11157.0, -13653.0, -12542.0, -14126.0, -12807.0, -13248.0, -12755.0, -13442.0, -13059.0, -13136.0, -12990.0, -13909.0, -13160.0, -12240.0, -14218.0, -11930.0, -13539.0, -9783.0, -11903.0, -13162.0, -13606.0, -12851.0, -12586.0, -12836.0, -12836.0, -13359.0, -12896.0, -12194.0, -13311.0, -12270.0, -10908.0, -14239.0, -12803.0, -13094.0, -12922.0, -12718.0, -14137.0, -13941.0, -13204.0, -12790.0, -14093.0, -13244.0, -14352.0, -15064.0, -10105.0, -12442.0, -14693.0, -12033.0, -13741.0, -13656.0, -13727.0, -10398.0, -14235.0, -12277.0, -14088.0, -12678.0, -13972.0, -11995.0, -12089.0, -13244.0, -12021.0, -12282.0, -13638.0, -14916.0, -12587.0]

least_err 298.0
mean_abs_diff 3204.87
mean_abs_per_err -0.3275958295
succes_rate 0.01
worst_fitness -15156.0


OR10x250-0.25_1.dat

alg_std 1753.81097625
best_fitness -45137.0
capacities [31985, 30902, 31096, 31684, 31802, 31439, 29603, 30621, 32059, 31345]

diff_list [3402.0, 5002.0, 7610.0, 7437.0, 6674.0, 4892.0, 7609.0, 6134.0, 5964.0, 6784.0, 5314.0, 7147.0, 7010.0, 8776.0, 6769.0, 5067.0, 9576.0, 6304.0, 8072.0, 6581.0, 8160.0, 5807.0, 6408.0, 5155.0, 5176.0, 7902.0, 7870.0, 2045.0, 8349.0, 5499.0, 6330.0, 6506.0, 6169.0, 1905.0, 6384.0, 7269.0, 5993.0, 6994.0, 6935.0, 6528.0, 5911.0, 4664.0, 4966.0, 5620.0, 5931.0, 6806.0, 4515.0, 8104.0, 6997.0, 7382.0, 8220.0, 3960.0, 7548.0, 8794.0, 3602.0, 9446.0, 0.0, 5893.0, 6908.0, 7421.0, 7588.0, 4532.0, 5927.0, 6824.0, 6486.0, 3155.0, 4535.0, 4593.0, 6426.0, 6310.0, 6774.0, 7638.0, 6166.0, 7419.0, 4834.0, 8976.0, 5406.0, 8262.0, 4545.0, 9937.0, 4532.0, 5308.0, 8639.0, 4972.0, 4917.0, 8463.0, 7903.0, 4621.0, 3546.0, 6762.0, 7307.0, 6624.0, 8476.0, 7046.0, 9943.0, 7703.0, 3285.0, 8071.0, 5260.0, 7279.0]

fitness_list [-48539.0, -50139.0, -52747.0, -52574.0, -51811.0, -50029.0, -52746.0, -51271.0, -51101.0, -51921.0, -50451.0, -52284.0, -52147.0, -53913.0, -51906.0, -50204.0, -54713.0, -51441.0, -53209.0, -51718.0, -53297.0, -50944.0, -51545.0, -50292.0, -50313.0, -53039.0, -53007.0, -47182.0, -53486.0, -50636.0, -51467.0, -51643.0, -51306.0, -47042.0, -51521.0, -52406.0, -51130.0, -52131.0, -52072.0, -51665.0, -51048.0, -49801.0, -50103.0, -50757.0, -51068.0, -51943.0, -49652.0, -53241.0, -52134.0, -52519.0, -53357.0, -49097.0, -52685.0, -53931.0, -48739.0, -54583.0, -45137.0, -51030.0, -52045.0, -52558.0, -52725.0, -49669.0, -51064.0, -51961.0, -51623.0, -48292.0, -49672.0, -49730.0, -51563.0, -51447.0, -51911.0, -52775.0, -51303.0, -52556.0, -49971.0, -54113.0, -50543.0, -53399.0, -49682.0, -55074.0, -49669.0, -50445.0, -53776.0, -50109.0, -50054.0, -53600.0, -53040.0, -49758.0, -48683.0, -51899.0, -52444.0, -51761.0, -53613.0, -52183.0, -55080.0, -52840.0, -48422.0, -53208.0, -50397.0, -52416.0]

least_err 1905.0
mean_abs_diff 6351.86
mean_abs_per_err -0.14072401799
succes_rate 0.01
worst_fitness -55080.0