OR5x100-0.25_1.dat

alg_std 3877.9709193855492
best_fitness23460
capacity [11927, 13727, 11551, 13056, 13460]

diff_list [10171, 16358, 5607, 10301, 5043, 3544, 8044, 1440, 6464, 11613, 7004, 13806, 14768, 8911, 3875, 10533, 10778, 9273, 4504, 6190, 7507, 16171, 6276, 12522, 12009, 8183, 12521, 5632, 9063, 14239, 5531, 11449, 10588, 10388, 15068, 17845, 8388, 13781, 15020, 15663, 10794, 7359, 13514, 9666, 6569, 13440, 9286, 5826, 2931, 1575, 7430, 12165, 5437, 6310, 10678, 14347, 8294, 8115, 14687, 2950, 8099, 2705, 10486, 8775, 9327, 8457, 4098, 12237, 4037, 12384, 16139, 11015, 10670, 8734, 6845, 12906, 5266, 11199, 14278, 7472, 9454, 7073, 4151, 7791, 11184, 12205, 16357, 8610, 0, 5179, 15291, 9670, 14440, 12329, 10751, 11213, 5933, 10893, 13533, 9948]

fitness_list [13289, 7102, 17853, 13159, 18417, 19916, 15416, 22020, 16996, 11847, 16456, 9654, 8692, 14549, 19585, 12927, 12682, 14187, 18956, 17270, 15953, 7289, 17184, 10938, 11451, 15277, 10939, 17828, 14397, 9221, 17929, 12011, 12872, 13072, 8392, 5615, 15072, 9679, 8440, 7797, 12666, 16101, 9946, 13794, 16891, 10020, 14174, 17634, 20529, 21885, 16030, 11295, 18023, 17150, 12782, 9113, 15166, 15345, 8773, 20510, 15361, 20755, 12974, 14685, 14133, 15003, 19362, 11223, 19423, 11076, 7321, 12445, 12790, 14726, 16615, 10554, 18194, 12261, 9182, 15988, 14006, 16387, 19309, 15669, 12276, 11255, 7103, 14850, 23460, 18281, 8169, 13790, 9020, 11131, 12709, 12247, 17527, 12567, 9927, 13512]

least_err 1440
mean_abs_diff 9485.78
mean_abs_per_er 0.404338448423
number_of_dimensions 5
number_of_objects 100
success_rate 0.01
worst_fitness 5615


OR5x250-0.25_1.dat

alg_std9037.85624747
best_fitness -14835
capacities [29562, 30027, 32082, 31340, 29959]

diff_list [11848, 5725, 29125, 24527, 19149, 35724, 26656, 9762, 28702, 35746, 35731, 27916, 38783, 12023, 15499, 29657, 21656, 25859, 26919, 9123, 38496, 26163, 11669, 41676, 24514, 13388, 29079, 37786, 24788, 21722, 29228, 7761, 19966, 11962, 37878, 23395, 14699, 18745, 24460, 21122, 16898, 20401, 26554, 21645, 7388, 29021, 12469, 23446, 21686, 14862, 41445, 25116, 5617, 18125, 32528, 31608, 32068, 20777, 8472, 7652, 27877, 0, 27440, 13016, 26297, 23108, 13297, 28056, 25403, 19153, 31681, 21920, 22666, 28790, 21531, 20990, 1165, 14583, 31828, 15437, 20374, 23205, 12211, 25460, 12485, 21730, 33734, 24277, 29177, 29526, 24243, 22465, 38982, 20530, 35193, 32777, 25021, 22132, 21466, 19059]

fitness_list [-26683, -20560, -43960, -39362, -33984, -50559, -41491, -24597, -43537, -50581, -50566, -42751, -53618, -26858, -30334, -44492, -36491, -40694, -41754, -23958, -53331, -40998, -26504, -56511, -39349, -28223, -43914, -52621, -39623, -36557, -44063, -22596, -34801, -26797, -52713, -38230, -29534, -33580, -39295, -35957, -31733, -35236, -41389, -36480, -22223, -43856, -27304, -38281, -36521, -29697, -56280, -39951, -20452, -32960, -47363, -46443, -46903, -35612, -23307, -22487, -42712, -14835, -42275, -27851, -41132, -37943, -28132, -42891, -40238, -33988, -46516, -36755, -37501, -43625, -36366, -35825, -16000, -29418, -46663, -30272, -35209, -38040, -27046, -40295, -27320, -36565, -48569, -39112, -44012, -44361, -39078, -37300, -53817, -35365, -50028, -47612, -39856, -36967, -36301, -33894]

least_err 1165
mean_abs_diff 22746.9
mean_abs_per_err-1.53332659252
number_of_dimensions 5
number_of_objects 250
succes_rate 0.01
worst_fitness -56511


OR10x100-0.25_1.dat

alg_std 4542.03116748
best_fitness 36329
capacities [13640, 12048, 12574, 13915, 13232, 12190, 12242, 12394, 12258, 10960]

diff_list [8889, 16644, 12793, 8000, 12842, 4328, 6024, 15574, 8564, 13989, 5193, 15490, 15420, 6943, 14705, 15469, 6301, 13665, 16757, 8934, 8879, 14858, 8112, 7265, 9303, 5783, 9655, 15991, 6343, 10351, 0, 458, 14851, 11654, 9382, 7334, 13577, 11566, 1536, 13568, 12524, 12178, 12458, 14730, 15925, 6239, 16304, 6742, 13319, 6323, 18834, 4541, 14615, 11897, 7421, 11893, 12887, 12594, 14854, 10995, 9907, 12059, 9940, 4749, 8570, 11396, 7094, 6032, 4159, 12684, 17874, 10839, 6328, 29407, 9332, 14682, 7555, 10455, 14227, 11795, 9233, 18454, 7133, 17576, 7981, 1733, 7462, 7293, 8398, 11888, 10339, 14817, 12041, 6528, 6250, 5555, 10569, 4734, 10886, 10527]

fitness_list [27440, 19685, 23536, 28329, 23487, 32001, 30305, 20755, 27765, 22340, 31136, 20839, 20909, 29386, 21624, 20860, 30028, 22664, 19572, 27395, 27450, 21471, 28217, 29064, 27026, 30546, 26674, 20338, 29986, 25978, 36329, 35871, 21478, 24675, 26947, 28995, 22752, 24763, 34793, 22761, 23805, 24151, 23871, 21599, 20404, 30090, 20025, 29587, 23010, 30006, 17495, 31788, 21714, 24432, 28908, 24436, 23442, 23735, 21475, 25334, 26422, 24270, 26389, 31580, 27759, 24933, 29235, 30297, 32170, 23645, 18455, 25490, 30001, 6922, 26997, 21647, 28774, 25874, 22102, 24534, 27096, 17875, 29196, 18753, 28348, 34596, 28867, 29036, 27931, 24441, 25990, 21512, 24288, 29801, 30079, 30774, 25760, 31595, 25443, 25802]

least_err 458
mean_abs_diff 10527.44
mean_abs_per_err 0.289780616037
succes_rate 0.01
worst_fitness 6922


OR10x250-0.25_1.dat

alg_std 16798.2359284
best_fitness -22575
capacities [31985, 30902, 31096, 31684, 31802, 31439, 29603, 30621, 32059, 31345]
diff_list [30912, 34446, 52291, 33958, 61324, 16780, 31828, 25246, 51221, 42050, 70885, 25693, 62496, 29724, 59463, 21259, 62377, 24015, 67010, 53191, 62394, 60880, 56830, 37325, 83514, 49144, 20271, 57990, 49025, 40784, 47460, 30214, 43936, 38129, 23600, 56888, 55859, 15823, 40083, 40432, 9630, 54404, 45949, 69137, 54320, 39072, 14731, 61972, 15634, 22220, 32073, 66121, 47647, 12430, 51101, 36928, 58415, 46218, 73890, 28176, 39291, 39257, 30699, 42822, 48537, 56560, 37006, 47314, 33748, 43474, 44837, 38270, 38377, 0, 54806, 52405, 25229, 22074, 28122, 41568, 16708, 9368, 51551, 20598, 55817, 20234, 24018, 28206, 50245, 19174, 52371, 2900, 37613, 58909, 57271, 49784, 35909, 38549, 36727, 51405]

fitness_list [-53487, -57021, -74866, -56533, -83899, -39355, -54403, -47821, -73796, -64625, -93460, -48268, -85071, -52299, -82038, -43834, -84952, -46590, -89585, -75766, -84969, -83455, -79405, -59900, -106089, -71719, -42846, -80565, -71600, -63359, -70035, -52789, -66511, -60704, -46175, -79463, -78434, -38398, -62658, -63007, -32205, -76979, -68524, -91712, -76895, -61647, -37306, -84547, -38209, -44795, -54648, -88696, -70222, -35005, -73676, -59503, -80990, -68793, -96465, -50751, -61866, -61832, -53274, -65397, -71112, -79135, -59581, -69889, -56323, -66049, -67412, -60845, -60952, -22575, -77381, -74980, -47804, -44649, -50697, -64143, -39283, -31943, -74126, -43173, -78392, -42809, -46593, -50781, -72820, -41749, -74946, -25475, -60188, -81484, -79846, -72359, -58484, -61124, -59302, -73980]

least_er 2900
mean_abs_diff 40885.71
mean_abs_per_err -1.81110564784
success_rate 0.01
worst_fitness -106089
